10 10
2 34 3 55 5 95 9 16 4 21 6 71 0 53 8 52 1 21 7 26
3 39 2 31 0 12 1 42 9 79 8 77 6 77 5 98 4 55 7 66
1 19 0 83 3 34 4 92 6 54 9 79 8 62 5 37 2 64 7 43
4 60 2 87 8 24 5 77 3 69 7 38 1 87 6 41 9 83 0 93
8 79 9 77 2 98 4 96 3 17 0 44 7 43 6 75 1 49 5 25
8 35 7 95 6 9 9 10 2 35 1 7 5 28 4 61 0 95 3 76
4 28 5 59 3 16 9 43 0 46 8 50 6 52 7 27 2 59 1 91
5 9 4 20 2 39 6 54 1 45 7 71 0 87 3 41 9 43 8 14
1 28 5 33 0 78 3 26 2 37 7 8 8 66 6 89 9 42 4 33
2 94 5 84 6 78 9 81 1 74 3 27 8 69 0 69 7 45 4 96

666 864 850.5 988.5 904.5 676.5 706.5 634.5 660 1075.5
4 4 2 2 2 2 2 2 1 1
