10 10
7 8 9 75 0 72 6 74 4 30 8 43 2 38 5 98 1 26 3 19
6 19 8 73 3 43 0 23 1 85 4 39 5 13 9 26 2 67 7 9
1 50 3 93 5 80 4 7 0 55 2 61 6 57 8 72 9 42 7 46
1 68 7 43 4 99 6 60 5 68 0 91 8 11 3 96 9 11 2 72
7 84 2 34 8 40 5 7 1 70 6 74 3 12 0 43 9 69 4 30
8 60 0 49 4 59 5 72 9 63 1 69 7 99 6 45 3 27 2 9
6 71 2 91 8 65 1 90 9 98 4 8 7 50 0 75 5 37 3 17
8 62 7 90 5 98 3 31 2 91 4 38 9 72 1 9 0 72 6 49
4 35 0 39 9 74 5 25 7 47 3 52 2 63 8 21 6 35 1 80
9 58 0 5 3 50 8 52 1 88 6 20 2 68 5 24 4 53 7 57

724.5 595.5 844.5 928.5 694.5 828 903 918 706.5 712.5
4 4 2 2 2 2 2 2 1 1
