-124.663611	48.476111
-124.563056	48.447778
-124.463056	48.419444
-124.362778	48.390833
-124.262778	48.3625
-124.162778	48.333611
-124.063056	48.305
-123.966944	48.281111
-123.865556	48.265278
-123.764444	48.249722
-123.668333	48.235278
-123.566389	48.225833
-123.464167	48.235
-123.358056	48.256111
-123.251944	48.276944
-123.194722	48.336667
-123.133889	48.401667
-123.1675	48.456111
-123.203333	48.526389
-123.224444	48.596389
-123.246944	48.666667
-123.19	48.708611
-123.081111	48.740278
-122.998333	48.778333
-123.028333	48.838056
-123.124444	48.894444
-123.221389	48.949722
-95.087778	49.360278
-95.019722	49.357778
-94.9525	49.361944
-94.908056	49.3475
-94.839722	49.317222
-94.82	49.284167
-94.806389	49.243889
-94.805833	49.203611
-94.801667	49.168889
-94.784722	49.128056
-94.768056	49.079722
-94.7475	49.033056
-94.724722	48.988056
-94.7075	48.941944
-94.700278	48.895278
-94.704167	48.864167
-93.401667	48.61
-93.458611	48.5925
-93.456111	48.557222
-93.5175	48.535833
-93.590833	48.527222
-93.656944	48.515278
-93.732778	48.514722
-93.803611	48.524722
-93.814444	48.5675
-93.83	48.612778
-93.885278	48.630278
-93.953333	48.635278
-94.026389	48.638056
-94.103889	48.641389
-94.180556	48.648333
-94.252778	48.657778
-94.252778	48.681111
-94.2975	48.706944
-94.373889	48.7075
-94.4475	48.6975
-94.523889	48.701944
-94.599444	48.722222
-94.658056	48.755833
-94.707778	48.794722
-94.708611	48.837778
-94.705	48.862778
-93.334722	48.624722
-93.269167	48.635278
-93.196111	48.633611
-93.123056	48.621667
-93.0525	48.6225
-92.980833	48.625833
-92.9225	48.611944
-92.875833	48.584444
-92.806944	48.569167
-92.734444	48.548333
-92.680556	48.540278
-92.626389	48.534167
-92.618889	48.501389
-92.659167	48.493056
-92.708611	48.473611
-92.686944	48.443611
-92.619167	48.438611
-92.555556	48.444722
-92.498889	48.446111
-92.489167	48.437778
-92.455833	48.404722
-92.458889	48.365
-92.451667	48.334722
-92.445	48.320278
-92.432222	48.314722
-92.400556	48.286111
-92.378889	48.255
-92.351944	48.228333
-92.311667	48.240833
-92.286944	48.249167
-92.288611	48.276111
-92.299444	48.306111
-92.265	48.343611
-92.215	48.345
-92.155	48.356944
-92.083056	48.350833
-92.032778	48.340278
-92.011667	48.2975
-91.997778	48.266667
-91.968889	48.243889
-91.936389	48.230556
-91.868333	48.216111
-91.809722	48.203056
-91.741111	48.193056
-91.713056	48.169722
-91.641667	48.099167
-91.583056	48.098333
-91.570556	48.055556
-91.515833	48.061111
-91.476111	48.060556
-91.036944	48.189722
-91.087222	48.168056
-91.149167	48.144167
-91.203333	48.109722
-91.255833	48.077222
-91.325556	48.069722
-91.392222	48.056111
-91.429722	48.043056
-91.016111	48.194167
-90.965833	48.215556
-90.915833	48.231667
-90.859167	48.236111
-90.828889	48.221667
-90.396667	48.096944
-90.435278	48.098889
-90.468056	48.104167
-90.521667	48.092222
-90.560278	48.103889
-90.616667	48.106389
-90.661667	48.098889
-90.720278	48.092222
-90.778333	48.1075
-90.789444	48.149444
-90.832222	48.179167
-123.3075	48.999722
-123.000278	48.999444
-122.6675	48.999722
-122.333889	49
-122.000833	48.999722
-121.667778	48.999722
-121.334444	48.999722
-121.000833	49
-120.667222	48.999722
-120.334444	49
-120.000278	49
-119.667222	48.999722
-119.333889	48.999722
-119.001111	48.999444
-118.667222	48.999444
-118.334167	49
-118.000833	48.999444
-117.667222	48.999444
-117.334444	48.999722
-117.001389	48.999722
-116.668056	49
-116.334444	49
-116.001667	48.999722
-115.667222	48.999722
-115.335	48.999722
-115.001111	49
-114.668056	48.999722
-114.335	48.999444
-114.001389	48.999444
-113.668056	49
-113.334722	49
-113.001389	48.999722
-112.668056	49
-112.335	49
-112.001389	48.999444
-111.668333	48.999722
-111.334722	49
-111.001111	48.999444
-110.667778	49
-110.334444	48.999444
-110.001667	48.999722
-109.668056	49
-109.334722	48.999444
-109.001111	49
-108.667778	48.999444
-108.335	48.999444
-108.001389	48.999722
-107.668333	49
-107.335278	49
-107.001389	49
-106.668333	49
-106.334722	48.999722
-106.001389	49
-105.668056	48.999722
-105.334722	49
-105.001389	48.999444
-104.668333	49
-104.335	48.999444
-104.001389	49
-103.668333	48.999722
-103.335	48.999722
-103.0025	49
-102.668333	49
-102.335556	48.999444
-102.002222	49
-101.668611	48.999444
-101.335556	48.999444
-101.002222	49
-100.668889	48.999722
-100.335833	48.999722
-100.002222	49
-99.669167	48.999722
-99.335556	48.999444
-99.001667	48.999722
-98.668611	49
-98.335	49
-98.001944	48.999722
-97.668889	49
-97.335556	49
-97.0025	49
-96.668333	49
-96.335833	49.000278
-96.002222	49
-95.669722	48.999722
-95.336111	48.999722
-95.153889	49.066667
-95.152778	49.376667
-89.516667	48.002222
-89.427222	47.999167
-89.334167	47.988611
-89.221944	48.035556
-89.109444	48.082778
-88.996667	48.129444
-88.884167	48.176111
-88.770833	48.223333
-88.666667	48.260833
-88.559722	48.279167
-88.452778	48.297222
-88.349167	48.305278
-88.254444	48.269444
-88.16	48.232778
-88.065556	48.196667
-87.971111	48.160556
-87.876944	48.123611
-87.782778	48.087222
-87.688611	48.051111
-87.595	48.014167
-87.501111	47.9775
-87.407222	47.941111
-87.313611	47.903889
-87.220278	47.867222
-87.126944	47.830556
-87.033611	47.793333
-86.940556	47.756667
-86.8475	47.719722
-86.754444	47.682222
-86.661667	47.645278
-86.568889	47.608333
-86.476389	47.570556
-86.383889	47.533333
-86.291389	47.496389
-86.198889	47.458333
-86.106667	47.421111
-86.014722	47.383889
-85.9225	47.345556
-85.830833	47.308333
-85.738889	47.270833
-85.647222	47.2325
-85.555556	47.195
-85.464167	47.157222
-85.372778	47.118889
-85.281389	47.081111
-85.190556	47.043333
-85.099444	47.004722
-85.008333	46.966667
-84.9175	46.928611
-84.849722	46.880278
-84.825556	46.806944
-84.801667	46.733889
-84.777778	46.660556
-84.718056	46.603333
-84.6375	46.531389
-84.556111	46.465833
-84.474722	46.463611
-84.428333	46.503056
-84.348333	46.507222
-84.269167	46.513056
-84.214167	46.542778
-84.141667	46.535278
-84.128889	46.488611
-84.158333	46.431944
-84.146389	46.378889
-84.115833	46.334722
-84.116667	46.283611
-84.099167	46.232778
-84.065	46.190833
-84.021667	46.153333
-83.986944	46.110556
-83.952778	46.068611
-83.898889	46.0925
-83.846111	46.125
-83.767222	46.112222
-83.696389	46.125278
-83.610556	46.119167
-83.552778	46.0875
-83.499444	46.053889
-83.453333	46.016944
-83.487778	45.961667
-83.538611	45.899167
-83.589167	45.836389
-83.544722	45.803889
-83.456389	45.765
-83.368056	45.726111
-83.279722	45.686667
-83.191667	45.6475
-83.103611	45.608611
-83.015556	45.569444
-82.928056	45.529722
-82.840278	45.490556
-82.752778	45.451111
-82.665	45.411944
-82.577778	45.371944
-82.532778	45.312222
-82.515278	45.239444
-82.498333	45.166667
-82.481111	45.093889
-82.464167	45.021111
-82.446944	44.948333
-82.428889	44.875556
-82.412222	44.802778
-82.395	44.73
-82.378056	44.657222
-82.361389	44.584722
-82.344444	44.511944
-82.326944	44.439167
-82.31	44.366389
-82.293333	44.293611
-82.276667	44.221111
-82.26	44.148333
-82.243333	44.075833
-82.225833	44.003056
-82.209444	43.930278
-82.192778	43.857778
-82.176389	43.785278
-82.16	43.7125
-82.143611	43.64
-82.136389	43.572222
-82.17	43.507778
-82.2025	43.443056
-82.235833	43.378611
-82.269167	43.313889
-82.301667	43.249167
-82.335	43.184722
-82.368056	43.12
-82.400278	43.055278
-82.660556	42.546944
-82.704444	42.508333
-82.746389	42.466944
-82.788889	42.426389
-82.841389	42.396944
-82.901111	42.375556
-82.958611	42.351111
-83.020833	42.333611
-83.0775	42.309167
-83.114722	42.262778
-83.137222	42.201389
-83.131111	42.146944
-83.142778	42.090278
-83.165278	42.038611
-83.126389	41.963056
-83.088889	41.890278
-83.021944	41.836667
-82.938889	41.797778
-82.855833	41.758889
-82.772778	41.719722
-82.696667	41.683889
-82.603056	41.680833
-82.509444	41.678056
-82.415	41.681111
-82.305278	41.732778
-82.196111	41.784722
-82.085556	41.836389
-81.976111	41.888056
-81.865556	41.939444
-81.755556	41.991111
-81.644722	42.042222
-81.534722	42.093611
-81.424444	42.145
-81.313056	42.195833
-81.209444	42.230556
-81.109444	42.245
-81.009167	42.259167
-80.909167	42.273333
-80.809167	42.2875
-80.708611	42.301667
-80.608611	42.315556
-80.510278	42.329167
-80.409167	42.345556
-80.307778	42.361944
-80.206667	42.378889
-80.105278	42.395
-79.997778	42.434722
-79.887222	42.477222
-79.776667	42.520278
-79.665833	42.5625
-79.555	42.604722
-79.444167	42.646944
-79.3325	42.689722
-79.221389	42.731667
-79.11	42.773333
-78.998333	42.815833
-78.946944	42.848611
-78.917222	42.905
-79.091667	43.318611
-79.142222	43.398611
-79.173889	43.469167
-79.061667	43.509722
-78.949722	43.549444
-78.837222	43.59
-78.724722	43.629444
-78.623889	43.638056
-78.525556	43.638333
-78.4275	43.638889
-78.329167	43.639167
-78.231111	43.638889
-78.132778	43.638889
-78.034722	43.639167
-77.936389	43.639167
-77.838056	43.639167
-77.74	43.638889
-77.641667	43.638889
-77.543333	43.638611
-77.445556	43.6375
-77.347222	43.637222
-77.248889	43.636667
-77.150556	43.636111
-77.0525	43.635556
-76.954444	43.634722
-76.855833	43.633889
-76.783333	43.658333
-76.735556	43.719444
-76.688611	43.780833
-76.640833	43.842222
-76.592778	43.903333
-76.545278	43.964722
-76.497222	44.025833
-76.448889	44.086944
-76.393333	44.131667
-76.308889	44.185556
-76.224722	44.239167
-76.14	44.293056
-76.057778	44.345
-76.005	44.354722
-75.9425	44.373611
-75.88	44.393333
-75.834167	44.434444
-75.805556	44.486944
-75.759167	44.526389
-75.711944	44.565556
-75.6625	44.602222
-75.6125	44.638056
-75.5625	44.673889
-75.510278	44.707222
-75.459444	44.742222
-75.409167	44.778056
-75.362778	44.804444
-75.3125	44.840278
-75.253056	44.864167
-75.192222	44.886111
-75.135833	44.914167
-75.071667	44.931944
-75.024722	44.958889
-74.969167	44.989167
-74.911389	44.994722
-74.850278	45.016667
-74.769722	45.006389
-74.691944	45.005833
-74.618611	45.004444
-74.518889	45.001111
-74.418889	44.998056
-74.319167	44.994722
-74.2275	44.993056
-74.125	44.995556
-74.022778	44.997778
-73.920278	45
-73.8175	45.002222
-73.715278	45.004444
-73.612778	45.006389
-73.510278	45.008333
-73.407778	45.010278
-73.305278	45.011944
-73.2025	45.014444
-73.099722	45.016111
-72.997222	45.0175
-72.894722	45.019167
-72.792222	45.020556
-72.698056	45.019444
-72.596667	45.018056
-72.5	45.017778
-72.397778	45.018056
-72.295278	45.018611
-72.193333	45.018889
-72.091111	45.019167
-71.995	45.019167
-71.892778	45.019167
-71.79	45.02
-71.6875	45.020556
-71.585556	45.020278
-71.496389	45.068889
-71.451944	45.113889
-71.427222	45.162222
-71.398889	45.215556
-71.424444	45.25
-71.365278	45.271667
-71.308611	45.301389
-71.245556	45.281111
-71.170278	45.253889
-71.122778	45.285833
-71.064722	45.311944
-71.021389	45.342778
-70.955	45.353889
-70.925	45.311111
-70.901389	45.265278
-70.864444	45.2525
-70.843889	45.300278
-70.830833	45.347222
-70.823889	45.4
-70.783056	45.434167
-70.728056	45.413889
-70.654167	45.392778
-70.648056	45.439722
-70.708611	45.473056
-70.719722	45.523056
-70.693056	45.571944
-70.645833	45.614722
-70.590556	45.645833
-70.535278	45.677222
-70.4775	45.705
-70.411944	45.722222
-70.392222	45.773333
-70.396667	45.816667
-70.343056	45.850556
-70.288333	45.884444
-70.2525	45.93
-70.269722	45.973611
-70.301389	46.009444
-70.281944	46.055556
-70.287222	46.097778
-70.050833	46.44
-70.038611	46.51
-70.027222	46.580278
-70.015833	46.650556
-69.992778	46.715833
-69.934444	46.774444
-69.876111	46.832778
-69.816944	46.891389
-69.758611	46.949722
-69.7	47.008333
-69.641389	47.066944
-69.5825	47.125278
-69.523611	47.183889
-69.464722	47.242222
-69.405833	47.300833
-69.346389	47.359167
-69.287222	47.417778
-67.793889	47.003056
-67.791944	46.928889
-67.790833	46.854722
-67.788889	46.780278
-67.787778	46.706111
-67.785833	46.631944
-67.784722	46.557778
-67.782778	46.483611
-67.781667	46.409444
-67.779722	46.335278
-67.778611	46.261111
-67.776667	46.186944
-67.775556	46.113056
-67.773611	46.038889
-67.772778	45.964722
-67.751667	45.917222
-67.788333	45.871944
-67.759167	45.828056
-67.806389	45.784722
-67.799722	45.735833
-67.7825	45.691389
-67.724722	45.691111
-67.687222	45.653056
-67.623889	45.626111
-67.540278	45.606111
-67.469444	45.613056
-67.205278	45.181667
-67.141667	45.155833
-67.110556	45.1125
-67.083889	45.0675
-67.055278	45.023889
-67.031111	44.978056
-66.997222	44.936111
-66.976667	44.889722
-66.963333	44.841111
-66.902222	44.806944
-90.319722	48.108333
-90.235833	48.113889
-90.156389	48.1225
-90.065	48.108333
-90.028611	48.065278
-89.993056	48.022778
-89.923889	47.996667
-89.855833	48.003611
-89.7875	48.022222
-89.719722	48.014444
-89.643889	48.010556
-82.413333	42.964722
-82.453333	42.921389
-82.465	42.863333
-82.478056	42.808056
-82.474722	42.751667
-82.497222	42.686944
-82.518889	42.624722
-82.559444	42.581667
-82.614167	42.554722
-78.915278	42.924167
-78.963333	42.956111
-79.021944	42.986944
-79.037222	43.032778
-79.064722	43.075556
-70.249167	46.125556
-70.251111	46.1725
-70.280556	46.215
-70.245	46.2675
-70.198889	46.306389
-70.1875	46.356667
-70.129722	46.385278
-70.075278	46.417778
-69.223333	47.468333
-69.140833	47.460556
-69.071389	47.439167
-69.045833	47.398611
-69.055556	47.341667
-69.053056	47.289444
-69.015556	47.2475
-68.948889	47.214722
-68.831667	47.208889
-68.768333	47.230556
-68.696667	47.24
-68.626389	47.251389
-68.571111	47.286111
-68.504167	47.304167
-68.426111	47.290278
-68.384167	47.321389
-68.343889	47.361667
-68.263056	47.356111
-68.180556	47.328889
-68.127778	47.293056
-68.066389	47.258333
-68.006667	47.223333
-67.957222	47.185
-67.908333	47.146111
-67.874167	47.103611
-67.798333	47.073056
-67.412222	45.561111
-67.436389	45.521389
-67.485	45.489167
-67.465278	45.441667
-67.418611	45.403889
-67.431389	45.350556
-67.455278	45.302222
-67.448611	45.254444
-67.418333	45.210833
-67.372222	45.172222
-67.3125	45.150556
-67.281389	45.196944
-67.207222	45.183889
-79.059167	43.232222
-79.050278	43.180556
-79.063611	43.132222
