-114.650556	49.9625
-114.684722	49.935556
-114.678889	49.883611
-114.657222	49.854167
-114.630278	49.8075
-114.645278	49.765556
-114.640556	49.717778
-114.658889	49.676111
-114.679722	49.632222
-114.738333	49.608611
-114.715556	49.569722
-114.667222	49.555556
-114.593611	49.552778
-114.566111	49.528056
-114.591667	49.470556
-114.591389	49.416667
-114.557222	49.376111
-114.499444	49.348889
-114.464167	49.309722
-114.433611	49.268889
-114.3725	49.2525
-114.378889	49.207778
-114.303056	49.200278
-114.234722	49.189167
-114.181667	49.156389
-114.163056	49.115556
-114.122222	49.078056
-114.072778	49.056111
-114.034167	49.021944
-114.059722	48.9975
-101.425278	49.7
-101.400556	49.210833
-101.400278	49.533056
-101.401389	49.177778
-110.000278	49.299722
-110.000278	49.633056
-110	49.966389
-95.153889	49.550833
-95.154722	49.884167
-79.53	49.9725
-79.529167	49.900556
-79.528611	49.828611
-79.5275	49.756667
-79.527778	49.684722
-79.527222	49.613056
-79.526389	49.541111
-79.525556	49.469167
-79.524722	49.3975
-79.525	49.325833
-79.524167	49.254167
-79.523333	49.182222
-79.522778	49.110556
-79.523056	49.039167
-79.521944	48.9675
-79.521111	48.895833
-79.520556	48.824167
-79.520833	48.752778
-79.52	48.681111
-79.519167	48.609444
-79.518333	48.538056
-79.5175	48.466389
-79.517778	48.395
-79.517222	48.323611
-79.516389	48.252222
-79.515556	48.180556
-79.515833	48.109444
-79.515	48.038056
-79.514167	47.966667
-79.513611	47.895278
-79.513611	47.823889
-79.513056	47.752778
-79.512222	47.681389
-79.511389	47.61
-79.512222	47.560278
-79.551944	47.511111
-79.576111	47.453333
-79.555833	47.404444
-79.519167	47.363056
-79.484444	47.320278
-79.446667	47.279444
-79.438611	47.226111
-79.4375	47.169722
-79.443889	47.110556
-79.413889	47.066111
-79.368056	47.028333
-79.329722	46.986667
-79.305556	46.940556
-79.263611	46.900556
-79.222778	46.861389
-79.168611	46.826944
-77.636667	46.175278
-77.555	46.151944
-77.491667	46.121111
-77.436667	46.087222
-77.376944	46.055
-77.3175	46.022778
-77.290278	45.977778
-77.271944	45.929167
-77.223056	45.892778
-77.1725	45.856389
-77.098333	45.830556
-77.028333	45.8025
-76.956111	45.789722
-76.920278	45.827778
-76.926667	45.880278
-76.853889	45.884444
-76.79	45.853333
-76.785	45.800278
-76.770556	45.750278
-76.714167	45.716111
-76.706667	45.664167
-76.673056	45.621667
-76.646944	45.575833
-76.586944	45.543889
-76.501667	45.523889
-76.4225	45.499444
-76.37	45.464444
-76.297222	45.464167
-76.239444	45.490833
-76.184444	45.521111
-76.103333	45.518056
-76.032778	45.492222
-75.968333	45.461667
-75.923333	45.423333
-75.880278	45.385
-75.816111	45.383333
-75.759722	45.411667
-75.704722	45.441667
-75.643889	45.465278
-75.578889	45.481944
-75.511389	45.496944
-75.453333	45.523611
-75.380556	45.531944
-75.316667	45.550556
-75.258056	45.575556
-75.182778	45.579722
-75.105	45.581111
-75.037222	45.593889
-74.978889	45.62
-74.918056	45.643056
-74.835278	45.638056
-74.7525	45.631111
-74.676111	45.633333
-74.605	45.618056
-74.538056	45.593333
-74.466111	45.582778
-74.399722	45.5575
-74.421111	45.490556
-74.443333	45.423611
-74.465556	45.356667
-74.455278	45.299167
-74.378889	45.241667
-74.336667	45.196389
-74.393889	45.168889
-74.448611	45.138611
-74.485	45.085556
-74.540556	45.056111
-74.606667	45.041111
-74.669167	45.021111
-69.007222	47.306389
-68.885278	47.333889
-68.7725	47.36
-68.648056	47.401389
-68.545	47.446111
-68.466944	47.499444
-68.388889	47.552778
-68.378889	47.6175
-68.376944	47.690833
-68.376111	47.764444
-68.373889	47.837778
-68.372778	47.911389
-68.286111	47.925
-68.177222	47.926111
-68.118056	47.955833
-68.083611	48.001389
-67.975278	48.001111
-67.8675	48
-67.759444	47.998889
-67.651667	47.997778
-67.604722	47.9675
-67.57	47.933056
-67.4875	47.908611
-67.41	47.878889
-67.364167	47.841389
-67.333611	47.888889
-67.260278	47.895833
-67.181667	47.885
-67.117778	47.906944
-67.052778	47.928889
-66.988889	47.9025
-66.944722	47.921667
-66.933056	47.971389
-66.872222	47.997222
-79.148889	46.792222
-79.122222	46.746944
-79.093889	46.702222
-79.057222	46.660833
-79.008333	46.623611
-78.990833	46.574444
-78.964722	46.528611
-78.9225	46.488889
-78.857778	46.448333
-78.795833	46.417778
-78.74	46.384167
-78.709444	46.340278
-78.621389	46.322222
-78.531944	46.31
-78.448333	46.291944
-78.366111	46.290278
-78.301111	46.260278
-78.228889	46.270278
-78.143333	46.264444
-78.063611	46.246111
-77.991944	46.238333
-77.911667	46.224722
-77.821111	46.210278
-77.739167	46.192778
-96.453889	43.516667
-96.454167	43.683056
-96.453333	43.85
-96.453611	44.016389
-96.453889	44.182778
-96.453889	44.349444
-96.454167	44.516667
-96.453333	44.683333
-96.453611	44.85
-96.453889	45.016111
-96.454167	45.182778
-96.583611	43.499722
-96.4175	43.499722
-96.250556	43.499444
-96.083611	43.499722
-95.9175	43.499722
-95.750556	43.499444
-95.584167	43.5
-95.417222	43.5
-95.251111	43.499722
-95.083611	43.499444
-94.9175	43.499722
-94.750556	43.499444
-94.583889	43.5
-94.418056	43.499444
-94.250556	43.499444
-94.084167	43.5
-93.917778	43.499444
-93.750556	43.499444
-93.583889	43.5
-93.4175	43.499444
-93.251111	43.499722
-93.084444	43.499444
-92.918056	43.5
-92.751111	43.5
-92.583611	43.5
-92.416944	43.499722
-92.251111	43.5
-92.084722	43.5
-91.918056	43.499722
-91.751111	43.5
-91.584167	43.5
-91.4175	43.499722
-91.250556	43.5
-102.900278	42.999444
-102.734167	42.999722
-102.566944	42.999444
-102.400556	42.999444
-102.234444	43
-102.066944	42.999444
-101.900556	42.999444
-101.734444	42.999444
-101.567222	42.999722
-101.400556	42.999722
-101.234444	42.999722
-101.067222	42.999444
-100.900556	42.999722
-100.734444	42.999444
-100.567222	43
-100.400556	42.999444
-100.234444	42.999444
-100.066944	43
-99.900556	42.999444
-99.734167	42.999722
-99.567778	42.999444
-99.400278	42.999722
-99.233889	42.999722
-99.0675	42.999722
-98.900833	43
-98.734722	42.999444
-98.567222	42.999444
-102.967778	45.941389
-102.800833	45.941389
-102.634167	45.941667
-102.467222	45.941111
-102.300278	45.941111
-102.133611	45.941389
-101.967778	45.941667
-101.800833	45.941667
-101.634167	45.941389
-101.466944	45.941111
-101.300278	45.941111
-101.134167	45.941667
-100.9675	45.941389
-100.800556	45.941389
-100.633889	45.941389
-100.467778	45.941111
-100.301111	45.941389
-100.134167	45.941389
-99.966944	45.941111
-99.801389	45.941667
-99.634167	45.941667
-99.467222	45.941667
-99.301389	45.941111
-99.134167	45.941389
-98.967222	45.941389
-98.800278	45.941111
-98.634167	45.941389
-98.467222	45.941389
-98.301389	45.941111
-98.134167	45.941667
-97.966944	45.941667
-97.801111	45.941667
-97.634167	45.941111
-97.467778	45.941389
-97.300833	45.941389
-97.134444	45.941111
-96.9675	45.941389
-96.801389	45.941389
-96.634167	45.941389
-92.292778	46.132778
-92.2925	46.299444
-92.292222	46.466111
-92.293056	46.633056
-64.045833	45.977778
-64.122222	45.976389
-64.177222	45.944722
-64.221667	45.898333
-64.262222	45.849444
-63.848889	46.243333
-63.785556	46.210833
-63.712778	46.181667
-62.666389	45.792222
-62.582222	45.769722
-62.51	45.776667
-66.118056	48.038333
-66.2025	48.05
-66.277222	48.041111
-66.339722	48.073333
-66.416111	48.096111
-66.484722	48.079444
-66.536944	48.041944
-66.605	48.028611
-94.043611	32.083333
-94.043333	32.249722
-94.043333	32.416111
-94.043889	32.583333
-94.043611	32.749444
-94.043333	32.916389
-94.043889	33.082778
-94.043611	33.249722
-94.043333	33.416389
-94.043611	33.011667
-93.876667	33.011667
-93.710556	33.011389
-93.543611	33.011667
-93.376667	33.011667
-93.210556	33.011667
-93.043333	33.011667
-92.877222	33.011667
-92.710278	33.011389
-92.543889	33.011667
-92.376667	33.011667
-92.210556	33.011944
-92.043333	33.011389
-91.876944	33.011389
-91.710556	33.011667
-91.543333	33.011667
-91.376944	33.011667
-91.210556	33.011944
-91.551111	30.999722
-91.383889	31
-91.2175	31
-91.050278	30.999722
-90.883889	30.999722
-90.7175	30.999722
-90.551111	30.999444
-90.383889	30.999444
-90.216944	31
-90.050556	30.999722
-89.884167	30.999722
-86.684167	34.999722
-86.517222	35
-86.350833	34.999722
-86.184167	34.999444
-86.017222	34.999444
-85.850556	34.999444
-85.684444	34.999722
-85.5175	34.999722
-85.350556	34.999722
-85.184444	35
-85.017222	35
-84.850278	34.999722
-84.684167	34.999444
-87.583889	30.999722
-87.417778	30.999444
-87.250556	30.999722
-87.083889	30.999722
-86.917778	30.999444
-86.750556	30.999444
-86.583889	30.999444
-86.417222	31
-86.250833	31
-86.084167	30.999722
-85.9175	30.999444
-85.751111	30.999444
-85.583889	31
-85.417222	30.999444
-85.250556	30.999444
-85.084167	31
-80.200556	36.549722
-80.033611	36.549444
-79.8675	36.549722
-79.700556	36.549722
-79.534444	36.549722
-79.367222	36.549722
-79.200833	36.55
-79.033611	36.549722
-78.867222	36.55
-78.700556	36.55
-78.534167	36.549722
-78.3675	36.55
-78.200833	36.549444
-78.033889	36.55
-77.867222	36.549444
-77.701111	36.549722
-77.534167	36.55
-77.367222	36.549444
-77.200833	36.549722
-77.034722	36.549722
-76.867222	36.549722
-76.700556	36.549722
-76.534444	36.549722
-76.367778	36.55
-76.200833	36.55
-76.034167	36.55
-75.8675	36.549444
-99.917222	39.999722
-99.750833	39.999444
-99.583889	39.999722
-99.4175	39.999722
-99.251111	39.999444
-99.084167	39.999722
-98.916667	39.999722
-98.750278	39.999722
-98.583611	40
-98.416944	40
-98.250556	39.999722
-98.083611	39.999444
-97.917222	39.999444
-97.750833	40
-97.583889	39.999722
-97.4175	39.999722
-97.250833	39.999444
-97.083889	40
-96.9175	40
-96.750833	40
-96.583889	39.999444
-96.417222	39.999722
-96.250833	39.999722
-96.083889	40
-95.917222	39.999444
-95.750556	39.999444
-95.583611	39.999722
-95.417778	40
-99.983611	36.999444
-99.816944	36.999722
-99.650833	36.999444
-99.484167	36.999444
-99.3175	36.999444
-99.150556	36.999722
-98.983611	36.999722
-98.816944	36.999722
-98.650833	37
-98.484167	37
-98.317222	36.999722
-98.150278	36.999444
-97.984444	36.999444
-97.8175	37
-97.650556	36.999444
-97.483889	36.999722
-97.317222	36.999444
-97.150833	36.999722
-96.984167	36.999722
-96.817222	36.999444
-96.651111	36.999722
-96.484167	36.999722
-96.3175	36.999722
-96.150278	36.999722
-95.984444	37
-95.8175	36.999722
-95.651111	37
-95.484167	37
-95.317222	36.999722
-95.151111	37
-94.983889	37
-94.817778	36.999722
-94.650833	37
-94.618333	37.1
-94.617778	37.266111
-94.618056	37.433056
-94.618056	37.599722
-94.618056	37.765833
-94.618056	37.932778
-94.618056	38.099722
-94.618333	38.266389
-94.618333	38.4325
-94.617778	38.599444
-94.618056	38.766111
-94.618056	38.933056
-94.618056	39.099167
-79.679444	41.998611
-79.5125	41.998889
-79.345833	41.998611
-79.179722	41.998611
-79.0125	41.999167
-78.846389	41.998889
-78.679167	41.998889
-78.513056	41.998611
-78.345833	41.998889
-78.179167	41.999167
-78.012778	41.999167
-77.846111	41.998889
-77.679444	41.998889
-77.512778	41.998889
-77.346111	41.998889
-77.179167	41.998889
-77.013056	41.999167
-76.846111	41.998889
-76.679167	41.999167
-76.513056	41.998611
-76.345833	41.999167
-76.179444	41.998889
-76.013056	41.999167
-75.846667	41.998889
-75.679167	41.998611
-75.512778	41.998889
-79.762778	42.015278
-79.763056	42.181944
-80.519444	39.771389
-80.519444	39.938056
-80.519722	40.104722
-80.519722	40.271667
-80.52	40.438333
-80.52	40.605
-80.52	40.771944
-80.520278	40.938056
-80.519444	41.104722
-80.519722	41.271667
-80.519722	41.438333
-80.52	41.604722
-80.520278	41.771667
-80.519167	41.938333
-80.436389	39.721389
-80.270278	39.721389
-80.103333	39.721667
-79.936389	39.721944
-79.769167	39.721667
-79.603333	39.721667
-79.4775	39.721667
-79.311389	39.721667
-79.144167	39.721389
-78.977778	39.721667
-78.811389	39.721667
-78.644722	39.721667
-78.477222	39.721667
-78.310556	39.721944
-78.143889	39.721667
-77.978056	39.721667
-77.811389	39.721667
-77.644167	39.721389
-77.477222	39.721667
-77.311111	39.721944
-77.144167	39.721944
-76.977778	39.721667
-76.811389	39.721944
-76.644167	39.721667
-76.477778	39.721389
-76.311111	39.721667
-76.144444	39.721667
-75.977778	39.721667
-75.810833	39.721667
-86.783889	41.759444
-86.617222	41.759167
-86.451111	41.759722
-86.284167	41.759722
-86.117222	41.759722
-85.951111	41.759444
-85.783889	41.759444
-85.617778	41.759444
-85.450556	41.759167
-85.284444	41.759444
-85.117222	41.759444
-84.950833	41.759167
-84.796667	41.758889
-94.485	36.5
-94.318333	36.499444
-94.151389	36.499722
-93.984722	36.499722
-93.818333	36.5
-93.651667	36.499444
-93.484722	36.499444
-93.318611	36.499722
-93.151667	36.5
-92.984722	36.499722
-92.818333	36.499444
-92.651389	36.499444
-92.485	36.499444
-92.318056	36.499722
-92.151944	36.5
-91.984722	36.499722
-91.818333	36.499444
-91.652222	36.499444
-91.485	36.499444
-91.318333	36.499722
-91.152222	36.499722
-90.984722	36.499722
-90.818056	36.5
-90.651667	36.5
-90.485	36.5
-90.318611	36.499444
-94.618056	36.649722
-94.618056	36.816667
-94.618056	36.982778
-89.316944	36.499722
-89.150278	36.499722
-88.984444	36.499444
-88.8175	36.499722
-88.650556	36.499722
-88.483611	36.499444
-88.3175	36.5
-88.150556	36.5
-89.563889	36.500833
-90.250833	35.001667
-90.083889	35.002222
-89.917222	35.001667
-89.750556	35.002222
-89.583611	35.001667
-89.417778	35.001944
-89.250833	35.001944
-89.083611	35.002222
-88.916667	35.002222
-88.750833	35.002222
-88.583611	35.001667
-88.4175	35.001944
-88.250556	35.001667
-96.512778	42.992222
-96.519722	42.945833
-96.534167	42.901944
-96.552222	42.86
-96.597778	42.825833
-96.628333	42.778889
-96.633889	42.724444
-96.591944	42.6975
-96.539444	42.667222
-96.54	42.634722
-96.508889	42.606389
-96.495	42.566667
-96.485556	42.526111
-95.738889	40.600278
-95.648333	40.597778
-95.5575	40.595833
-95.466667	40.593333
-95.376111	40.590833
-95.293333	40.589722
-95.2025	40.588333
-95.111944	40.586944
-95.021111	40.585556
-94.930278	40.583889
-94.846667	40.583889
-94.755833	40.583611
-94.664722	40.583333
-94.573889	40.582778
-94.483056	40.582222
-94.392222	40.581667
-94.301389	40.581111
-94.210556	40.580278
-94.119444	40.579722
-94.028611	40.578889
-93.938611	40.58
-93.8475	40.581667
-93.756389	40.583333
-93.669722	40.585278
-93.578611	40.586111
-93.4875	40.5875
-93.396111	40.588889
-93.305278	40.589722
-93.214167	40.590833
-93.123056	40.591389
-93.031944	40.5925
-92.948889	40.593611
-92.857778	40.595278
-92.766667	40.596111
-92.675278	40.597778
-92.584167	40.598611
-92.493056	40.6
-92.401944	40.601389
-92.318611	40.603889
-92.226944	40.607222
-92.135833	40.610278
-92.043889	40.614167
-91.958056	40.616944
-91.866389	40.620833
-91.775	40.623611
-89.9525	37.949167
-89.972778	37.899444
-89.936389	37.875278
-89.884167	37.892222
-89.144722	36.854444
-89.186667	36.826667
-89.145833	36.798333
-89.133333	36.765833
-89.190833	36.757222
-89.209722	36.722222
-89.181111	36.686111
-89.751944	35.813056
-89.806389	35.797222
-89.836944	35.76
-89.896111	35.744722
-89.950833	35.745278
-89.958056	35.710833
-89.933333	35.678056
-89.906667	35.660556
-89.866111	35.668889
-89.859722	35.641667
-89.899722	35.630556
-89.946111	35.608611
-89.953056	35.574167
-89.944444	35.538056
-89.998056	35.556944
-90.045278	35.547222
-90.046389	35.5075
-90.021111	35.476667
-90.004444	35.450556
-90.041944	35.4225
-90.069444	35.455556
-90.112778	35.481667
-90.147222	35.445
-90.184444	35.406389
-90.1575	35.391667
-90.111389	35.401389
-90.0975	35.376389
-90.106389	35.346389
-90.118056	35.315833
-90.169167	35.295556
-90.1625	35.266944
-90.122222	35.257222
-90.088056	35.238056
-90.091667	35.2
-90.081667	35.159444
-90.108889	35.124167
-90.1625	35.129167
-90.191389	35.0825
-90.227222	35.046389
-90.293889	35.048611
-90.309722	35.016389
-90.299444	34.992222
-90.264167	34.955556
-90.261111	34.920556
-90.289444	34.878889
-90.336111	34.854722
-90.376111	34.853889
-90.4225	34.841389
-90.426944	34.858056
-90.463333	34.884444
-90.471944	34.856389
-90.470833	34.8125
-90.456667	34.775833
-90.476111	34.735556
-90.527778	34.738333
-90.504444	34.778333
-90.539444	34.803056
-90.549722	34.772222
-90.554167	34.736389
-90.533611	34.711389
-90.480833	34.708611
-90.476667	34.669722
-90.511111	34.643056
-90.5475	34.633056
-90.551389	34.670556
-90.571111	34.702222
-90.5875	34.666389
-90.598333	34.631111
-90.576111	34.605278
-90.538333	34.577778
-90.543056	34.539722
-90.581667	34.519444
-90.587778	34.495278
-90.577222	34.446667
-90.603056	34.406944
-90.641667	34.386667
-90.663889	34.355556
-90.679167	34.318611
-90.696389	34.35
-90.71	34.368889
-90.711667	34.368333
-90.759722	34.374167
-90.751667	34.342222
-90.759167	34.299722
-90.793889	34.283333
-90.831389	34.271667
-90.8475	34.227222
-90.895556	34.224167
-90.937222	34.233611
-90.911389	34.195833
-90.855833	34.190833
-90.813056	34.165
-90.863333	34.149722
-90.908611	34.168889
-90.941111	34.162778
-90.958333	34.1325
-90.918333	34.108056
-90.873333	34.094167
-90.8825	34.056667
-90.921944	34.028333
-90.978889	34.027222
-90.978889	33.998611
-90.973611	33.970556
-91.011389	33.983889
-91.061667	34.009167
-91.095833	34.005556
-91.069444	33.9775
-91.038611	33.949722
-91.041389	33.910833
-91.070556	33.876111
-91.056389	33.838889
-91.011389	33.810556
-91.015278	33.782222
-91.062222	33.787778
-91.125278	33.791389
-91.157778	33.769167
-91.135833	33.727778
-91.071667	33.726944
-91.048056	33.700556
-91.089722	33.670833
-91.146111	33.688889
-91.180833	33.724444
-91.227778	33.715556
-91.211111	33.684167
-91.181111	33.649722
-91.166111	33.6225
-91.169444	33.598056
-91.223056	33.592778
-91.245	33.575833
-91.210556	33.551944
-91.195556	33.520556
-91.228333	33.481944
-91.231111	33.447222
-91.198611	33.456389
-91.178889	33.498889
-91.150833	33.499444
-91.129722	33.4675
-91.174167	33.439444
-91.220278	33.419167
-91.177778	33.3925
-91.124444	33.408889
-91.107222	33.453611
-91.071944	33.456389
-91.095278	33.412222
-91.135	33.3825
-91.149444	33.3425
-91.135278	33.298889
-91.106944	33.265833
-91.063611	33.297222
-91.061389	33.259444
-91.105278	33.228611
-91.095833	33.181111
-91.124722	33.143611
-91.178056	33.155278
-91.203889	33.130556
-91.166667	33.101111
-91.1375	33.074167
-91.165833	33.035833
-91.190556	32.998056
-91.220833	32.961944
-91.230278	32.937222
-91.189167	32.906667
-91.142778	32.9325
-91.144167	32.978056
-91.102222	32.983611
-91.094444	32.943889
-91.093333	32.897222
-91.125	32.869444
-91.160556	32.831667
-91.179444	32.787222
-91.137778	32.764167
-91.072222	32.747222
-91.078056	32.7175
-91.12	32.688611
-91.170278	32.664444
-91.162222	32.624722
-91.116667	32.601111
-91.069444	32.625556
-91.021111	32.639722
-91.034722	32.593333
-91.079444	32.568889
-91.045278	32.535278
-91.011111	32.510556
-91.049167	32.501944
-91.093889	32.523889
-91.111944	32.48
-91.085556	32.448333
-91.023889	32.449167
-90.985278	32.429444
-91.004167	32.400833
-90.993056	32.362222
-90.931944	32.345556
-90.938056	32.305556
-90.991389	32.294722
-90.982778	32.248056
-91.034167	32.250278
-91.093611	32.236944
-91.151667	32.221667
-91.168333	32.174167
-91.13	32.143056
-91.071944	32.152778
-91.058611	32.184722
-91.014444	32.164722
-91.025278	32.124444
-91.071111	32.096389
-91.108333	32.067222
-91.160556	32.088333
-91.134444	32.052778
-91.086667	32.035278
-91.088889	32.008056
-91.139444	31.986389
-91.185	31.9625
-91.204722	31.923611
-91.244167	31.891667
-91.265	31.863889
-91.264167	31.818333
-91.299722	31.849444
-91.340556	31.849167
-91.3625	31.816944
-91.368333	31.785278
-91.335278	31.769722
-91.280278	31.769444
-91.311389	31.759444
-91.37	31.749722
-91.396667	31.711944
-91.405833	31.6575
-91.444444	31.626111
-91.496944	31.643889
-91.511667	31.612222
-91.455833	31.5975
-91.423889	31.571667
-91.465	31.556389
-91.513333	31.533889
-91.515833	31.481944
-91.489444	31.44
-91.493611	31.392778
-91.540278	31.410278
-91.575278	31.407222
-91.557778	31.357778
-91.519444	31.323333
-91.528611	31.283333
-91.595556	31.276111
-91.649722	31.265
-91.634167	31.229444
-91.605278	31.196389
-91.623889	31.162778
-91.621389	31.120556
-91.581389	31.086667
-91.589722	31.043333
-91.634444	31.021944
-94.483611	33.654444
-94.482222	33.7225
-94.48	33.790833
-94.478333	33.859167
-94.476944	33.927222
-94.475278	33.995556
-94.473056	34.063611
-94.471389	34.131944
-94.47	34.200278
-94.468611	34.268333
-94.466111	34.336389
-94.464722	34.404722
-94.463056	34.472778
-94.461667	34.541111
-94.459167	34.609167
-94.4575	34.6775
-94.456111	34.745556
-94.454722	34.813611
-94.452778	34.881944
-94.450556	34.95
-94.448889	35.018056
-94.4475	35.086389
-94.446111	35.154444
-94.443611	35.2225
-94.441944	35.290556
-94.440556	35.358889
-94.4425	35.423611
-94.447778	35.491944
-94.454722	35.559167
-94.466667	35.628056
-94.478889	35.696667
-94.489722	35.765278
-94.501944	35.834167
-94.513889	35.902778
-94.525278	35.971389
-94.537222	36.040278
-94.549444	36.108889
-94.560833	36.1775
-94.573056	36.246389
-94.584444	36.315
-94.596667	36.383611
-94.608889	36.4525
-88.187778	34.996667
-88.1675	34.963056
-88.136111	34.928333
-88.088056	34.906111
-88.095	34.851389
-88.104444	34.783611
-88.114167	34.716111
-88.123056	34.648333
-88.1325	34.580556
-88.141389	34.512778
-88.150833	34.445
-88.160278	34.377222
-88.169167	34.309444
-88.178611	34.241944
-88.1875	34.174167
-88.196667	34.106389
-88.206389	34.038611
-88.215	33.970833
-88.224444	33.903056
-88.232778	33.835278
-88.2425	33.7675
-88.251667	33.699722
-88.260556	33.631667
-88.269722	33.563889
-88.278333	33.496111
-88.2875	33.428333
-88.296944	33.360556
-88.305556	33.2925
-88.314722	33.224722
-88.323333	33.156944
-88.3325	33.089167
-88.341667	33.021111
-88.35	32.953333
-88.359167	32.885556
-88.367778	32.8175
-88.376667	32.749722
-88.386111	32.681667
-88.394167	32.613889
-88.403333	32.545833
-88.411667	32.477778
-88.420833	32.41
-88.43	32.341944
-88.438333	32.274167
-88.447222	32.206111
-88.455278	32.138056
-88.464722	32.07
-88.473333	32.002222
-88.481667	31.934167
-88.485278	31.869167
-88.481389	31.799722
-88.476944	31.730278
-88.472778	31.660833
-88.468889	31.591667
-88.465278	31.522222
-88.461389	31.453056
-88.4575	31.383611
-88.453889	31.314167
-88.45	31.244722
-88.446111	31.175278
-88.4425	31.106111
-88.437778	31.036389
-88.433889	30.966944
-88.430278	30.8975
-88.426389	30.828056
-88.4225	30.758611
-88.418889	30.689167
-88.415	30.619722
-88.411389	30.550278
-88.407778	30.480833
-88.403889	30.411389
-86.874722	35.003611
-86.959167	35.005556
-87.044167	35.006667
-87.128611	35.008333
-87.213333	35.010278
-87.298056	35.011944
-87.382778	35.012778
-87.4675	35.014444
-87.552222	35.015833
-87.636944	35.017222
-87.721667	35.018056
-87.806389	35.019167
-87.891111	35.020556
-87.975833	35.021667
-88.060556	35.022222
-88.145278	35.023333
-88.193611	35.006944
-90.148889	36.478056
-90.125556	36.44
-90.092778	36.398889
-90.063333	36.356667
-90.066944	36.302222
-90.096111	36.263056
-90.129167	36.228056
-90.174444	36.196944
-90.229722	36.175556
-90.252778	36.129722
-90.303889	36.105
-90.336111	36.068056
-90.364722	36.026667
-90.374167	35.985556
-90.288333	35.9875
-90.2025	35.989444
-90.116111	35.991667
-90.030278	35.993611
-89.944444	35.995
-89.858056	35.9975
-89.772222	35.998889
-88.040278	36.512778
-88.039167	36.564722
-88.050833	36.615278
-88.068056	36.663611
-88.075278	36.690556
-88.005833	36.685
-87.920278	36.678333
-87.851944	36.659722
-87.831111	36.645278
-87.743889	36.646667
-87.656944	36.648056
-87.57	36.65
-87.482778	36.651111
-87.395833	36.653056
-87.308889	36.654167
-87.221667	36.655833
-87.138889	36.653056
-87.054444	36.649444
-86.9675	36.650278
-86.880278	36.651111
-86.793333	36.651944
-86.706667	36.6525
-86.619722	36.653056
-86.533333	36.659722
-86.446111	36.660833
-86.36	36.656667
-86.273889	36.651667
-86.187778	36.647222
-86.101667	36.642778
-86.015556	36.638056
-85.933333	36.636111
-85.846944	36.633333
-85.760278	36.631389
-85.673889	36.629167
-85.5875	36.626389
-85.501389	36.624167
-85.413889	36.628056
-85.327778	36.631111
-85.240556	36.632778
-85.154722	36.635278
-85.068889	36.629167
-84.982778	36.623889
-84.896667	36.618611
-84.810833	36.613333
-84.727778	36.610833
-84.641111	36.608611
-84.554167	36.607222
-84.4675	36.605556
-84.3875	36.604722
-84.300278	36.604167
-84.213056	36.604444
-84.126111	36.603889
-84.046667	36.600833
-83.960556	36.596111
-83.874167	36.591389
-83.788056	36.586667
-83.704722	36.588333
-83.637778	36.603889
-83.550278	36.604167
-83.462778	36.604722
-83.375556	36.605556
-83.288056	36.605833
-83.211944	36.595
-83.124167	36.595833
-83.036944	36.596389
-82.949444	36.596389
-82.861944	36.596944
-82.774444	36.5975
-82.686944	36.597778
-82.599722	36.5975
-82.512222	36.597778
-82.424722	36.598056
-82.337222	36.598056
-82.249722	36.5975
-82.162222	36.5975
-82.074722	36.5975
-81.987222	36.5975
-81.914167	36.6175
-81.827222	36.615278
-81.74	36.613056
-81.657222	36.611389
-81.590833	36.59
-81.504444	36.584722
-81.418333	36.578889
-81.335278	36.574444
-81.248889	36.570278
-81.162222	36.565556
-81.081944	36.563889
-80.994722	36.5625
-80.9075	36.560833
-80.82	36.559444
-80.732778	36.557778
-80.651667	36.556111
-80.564167	36.555
-80.476944	36.553889
-80.389444	36.552778
-80.301944	36.551389
-81.661667	36.604444
-81.696111	36.563889
-81.711111	36.517222
-81.709722	36.476667
-81.730556	36.427222
-81.737778	36.380556
-81.714722	36.341667
-81.788333	36.355833
-81.838889	36.345556
-81.887222	36.318889
-81.923611	36.294722
-81.960556	36.238056
-82.001111	36.175
-82.04	36.126111
-82.079722	36.101111
-82.139444	36.121111
-82.176944	36.149167
-82.229167	36.152778
-82.281667	36.136389
-82.331667	36.121111
-82.386667	36.101667
-82.429722	36.065833
-82.456944	36.023611
-82.499722	35.989167
-82.547222	35.964167
-82.595833	35.985278
-82.589722	36.030833
-82.621667	36.0625
-82.668056	36.042222
-82.724722	36.022222
-82.774722	35.996389
-82.793611	35.955
-82.828611	35.939167
-82.881667	35.958056
-82.917778	35.920278
-82.913056	35.876111
-82.939167	35.834167
-82.974722	35.791111
-83.032778	35.786944
-83.089722	35.782778
-83.144167	35.763611
-83.1925	35.738056
-83.246389	35.716667
-83.283333	35.681944
-83.323889	35.669722
-83.37	35.640833
-83.424444	35.620833
-83.469167	35.589167
-83.507222	35.568333
-83.572222	35.558889
-83.623333	35.574167
-83.680833	35.565833
-83.741111	35.565833
-83.796389	35.545278
-83.851944	35.523889
-83.901111	35.498056
-83.930556	35.464167
-83.988056	35.445
-84.018889	35.409167
-84.029444	35.3625
-84.045278	35.312778
-84.070833	35.271944
-84.11	35.257222
-84.178333	35.252222
-84.231111	35.270278
-84.279167	35.241667
-84.302222	35.196389
-84.309444	35.128333
-84.316667	35.060278
-84.323889	34.992222
-84.520556	34.994444
-84.435833	34.991389
-84.351389	34.9875
-84.271944	34.987222
-84.186389	34.988056
-84.100833	34.989444
-84.015	34.990833
-83.929722	34.991667
-83.843889	34.992778
-83.758333	34.994167
-83.672778	34.994444
-83.587222	34.995556
-83.501389	34.995833
-83.415833	34.996944
-83.330278	34.997778
-83.244722	34.997778
-83.158889	34.998611
-83.097778	35.000278
-83.006944	35.025556
-82.915278	35.051667
-82.823611	35.077778
-82.769167	35.077778
-82.735	35.0875
-82.687778	35.110833
-82.641667	35.129444
-82.596389	35.149722
-82.54	35.160833
-82.49	35.173333
-82.4325	35.177222
-82.402222	35.218333
-82.367778	35.200556
-82.310278	35.199444
-82.273611	35.205833
-82.188611	35.203056
-82.103056	35.200556
-82.018056	35.196944
-81.932778	35.194167
-81.847778	35.190556
-81.7625	35.187778
-81.677222	35.184167
-81.591944	35.181111
-81.506944	35.177778
-81.421944	35.174167
-81.338056	35.171111
-81.253611	35.165
-81.168889	35.159722
-81.084167	35.154444
-81.039167	35.135278
-81.054444	35.0875
-81.033333	35.058611
-80.986667	35.084167
-80.943333	35.1125
-80.913056	35.093056
-80.845833	35.019167
-80.788611	34.949444
-80.791389	34.880278
-80.776389	34.825
-80.690833	34.823889
-80.605278	34.822778
-80.519722	34.821667
-80.434444	34.820278
-80.348889	34.819167
-80.263333	34.817778
-80.178056	34.816389
-80.0925	34.815
-80.006944	34.813333
-79.921667	34.811667
-79.836111	34.81
-79.750833	34.808333
-79.667778	34.806944
-79.5975	34.749167
-79.527222	34.690833
-79.457222	34.632222
-79.387222	34.573611
-79.3175	34.515
-79.247778	34.456389
-79.178333	34.397778
-79.108611	34.339167
-79.039444	34.280278
-78.97	34.221389
-78.900556	34.1625
-78.831667	34.103611
-78.762778	34.044722
-78.693889	33.985556
-78.625	33.926667
-78.556389	33.8675
-83.161667	34.589444
-83.133611	34.573611
-83.106111	34.546667
-83.083611	34.538611
-83.059167	34.506667
-83.049167	34.498056
-83.005278	34.48
-82.948889	34.481389
-82.899167	34.483611
-82.863333	34.4625
-82.846667	34.426667
-82.836389	34.396667
-82.819722	34.364444
-82.586944	34.01
-82.575278	33.987222
-82.559444	33.958611
-82.529167	33.948333
-82.497222	33.9275
-82.465278	33.897778
-82.429722	33.876944
-82.386111	33.856389
-82.351111	33.836389
-82.306389	33.81
-82.278333	33.781944
-82.249444	33.749722
-82.230833	33.706667
-82.213611	33.674167
-81.511667	30.7175
-81.563056	30.705833
-81.622222	30.720833
-81.663611	30.731944
-81.725	30.744167
-81.768056	30.768889
-81.804722	30.783333
-81.875556	30.797222
-81.92	30.821389
-81.970833	30.804722
-81.98	30.781667
-82.0175	30.780278
-82.041944	30.736667
-82.042222	30.683889
-82.048056	30.6575
-82.030833	30.615556
-82.011111	30.5725
-82.019167	30.526389
-82.035278	30.471111
-82.048333	30.4125
-82.057778	30.369167
-82.112778	30.368611
-82.173056	30.363889
-82.205	30.401111
-82.211944	30.451111
-82.215278	30.498611
-82.246389	30.535
-82.237222	30.565
-82.277222	30.568056
-82.356944	30.573333
-82.436667	30.579167
-82.516667	30.584167
-82.596389	30.589444
-82.676389	30.595
-82.756111	30.6
-82.835833	30.605
-82.915833	30.610556
-82.995556	30.615278
-83.075556	30.62
-83.155556	30.624722
-83.235278	30.63
-83.315556	30.634722
-83.395556	30.639167
-83.475278	30.644167
-83.555278	30.648611
-83.635278	30.653056
-83.715	30.658056
-83.795278	30.662222
-83.875278	30.666389
-83.955278	30.670556
-84.031944	30.674722
-84.111944	30.679444
-84.191944	30.684167
-84.271944	30.688056
-84.351944	30.6925
-84.431944	30.696944
-84.511944	30.700556
-84.591667	30.705
-84.671944	30.709167
-84.751944	30.712778
-84.831944	30.716944
-84.868889	30.731111
-84.913333	30.753333
-84.9225	30.799722
-84.9225	30.8475
-84.934444	30.892222
-84.958611	30.917778
-84.965278	30.920556
-87.595556	30.966389
-87.61	30.915
-87.626111	30.861389
-87.591389	30.824167
-87.551389	30.79
-87.533333	30.750556
-87.4975	30.723056
-87.446667	30.697222
-87.401944	30.665833
-87.405278	30.612222
-87.430833	30.565278
-87.441389	30.523056
-87.424167	30.49
-87.408889	30.463889
-87.372222	30.441667
-87.410278	30.419167
-87.441389	30.388611
-87.458611	30.35
-87.5	30.329722
-87.476667	30.311111
-87.498889	30.300556
-87.509167	30.275556
-85.082222	31.646667
-85.107222	31.687222
-85.119722	31.734722
-85.128889	31.772778
-85.138889	31.815556
-85.133056	31.861111
-85.123611	31.898611
-85.103333	31.941111
-85.079167	31.974444
-85.061111	32.003889
-85.061389	32.034444
-85.061944	32.055833
-85.178056	32.881389
-85.198889	32.964444
-85.212222	33.035278
-85.224722	33.105833
-85.237778	33.176667
-85.251111	33.2475
-85.264444	33.318333
-85.277778	33.389167
-85.291111	33.46
-85.304444	33.530556
-85.317778	33.601389
-85.331389	33.672222
-85.343889	33.742778
-85.3575	33.813611
-85.371111	33.884444
-85.384444	33.955
-85.3975	34.019444
-85.413611	34.090556
-85.429722	34.161667
-85.445833	34.2325
-85.461944	34.303611
-85.478889	34.374722
-85.495	34.445556
-85.511111	34.516667
-85.5275	34.5875
-85.543889	34.658611
-85.56	34.729444
-85.576389	34.800278
-85.592778	34.871389
-85.609444	34.942222
-75.228333	38.039167
-75.322222	38.029722
-75.416389	38.02
-75.510278	38.01
-75.603889	38.000278
-75.663056	37.959444
-75.753056	37.949722
-75.824722	37.92
-75.916389	37.916667
-75.958333	37.953056
-76.039444	37.962222
-76.237778	37.898056
-76.275278	37.928611
-76.338333	37.954444
-76.399722	37.974167
-76.4525	37.992222
-76.453611	38.011389
-76.495	38.041944
-76.524167	38.066667
-76.565556	38.1
-76.596667	38.132778
-76.613889	38.155556
-76.688611	38.164444
-76.757222	38.170833
-76.815833	38.171667
-76.876667	38.181944
-76.915556	38.213333
-76.948056	38.238889
-76.972778	38.2725
-77.006667	38.299167
-77.048889	38.303889
-77.029167	38.325278
-77.001944	38.356389
-77.018889	38.394722
-77.055278	38.3975
-77.108056	38.376111
-77.153611	38.355833
-77.210556	38.341389
-77.250833	38.340556
-77.275	38.3675
-77.2975	38.401944
-77.312222	38.418611
-77.308889	38.466944
-77.301389	38.505556
-77.275833	38.536944
-77.254444	38.564444
-77.225278	38.604444
-77.186389	38.623889
-77.140556	38.639722
-77.126667	38.676944
-77.116944	38.708056
-77.066111	38.721389
-77.035556	38.748611
-77.038611	38.781389
-77.037222	38.825278
-77.034444	38.8575
-77.053333	38.886389
-77.032222	38.795556
-76.957778	38.851667
-76.917222	38.903333
-76.990833	38.958611
-77.063889	38.978611
-75.050278	38.453333
-75.141389	38.453889
-75.232778	38.453611
-75.323611	38.454167
-75.415	38.453889
-75.506111	38.454167
-75.597222	38.454167
-75.688611	38.453611
-75.713611	38.503056
-75.715278	38.573611
-75.717778	38.644444
-75.720278	38.715278
-75.722778	38.785833
-75.724444	38.856389
-75.726944	38.927222
-75.729167	38.998056
-75.734444	39.063611
-75.739444	39.135
-75.745278	39.206389
-75.750556	39.277778
-75.756389	39.349167
-75.761667	39.420556
-75.7675	39.491944
-75.772778	39.563056
-75.778889	39.634722
-75.783889	39.705833
-75.766944	39.739167
-75.735556	39.781944
-75.693333	39.820833
-75.638333	39.845
-75.587778	39.8525
-75.531111	39.8525
-75.47	39.841111
-75.425833	39.818056
-77.745833	39.308611
-77.781389	39.245
-77.815556	39.181389
-77.866944	39.163611
-77.943333	39.212222
-78.02	39.260278
-78.096667	39.308889
-78.173611	39.356944
-78.250278	39.405556
-78.327222	39.453889
-78.357778	39.420278
-78.351111	39.369444
-78.368889	39.316944
-78.407778	39.273611
-78.411944	39.223333
-78.413056	39.171111
-78.447222	39.131111
-78.495	39.100556
-78.531667	39.065
-78.550278	39.031389
-78.576944	38.993611
-78.61	38.971944
-78.653333	38.941944
-78.705	38.915556
-78.729444	38.930833
-78.762222	38.909444
-78.800833	38.868056
-78.836944	38.823333
-78.896111	38.794167
-78.974167	38.838056
-79.007778	38.831389
-79.048333	38.7925
-79.080278	38.745
-79.094167	38.688056
-79.123889	38.650833
-79.162222	38.613333
-79.175	38.571667
-79.196111	38.523889
-79.2325	38.482778
-79.270278	38.441944
-79.322222	38.430556
-79.406389	38.4525
-79.49	38.475
-79.504167	38.504444
-79.533333	38.545
-79.565556	38.571389
-79.628889	38.590833
-79.663889	38.556389
-79.678333	38.511667
-79.691389	38.458889
-79.716667	38.414444
-79.740833	38.362778
-79.778056	38.332778
-79.796111	38.294167
-79.811667	38.256944
-79.838611	38.241944
-79.88	38.205833
-79.923611	38.171389
-79.931667	38.129444
-79.949167	38.0825
-79.978056	38.030278
-80.014444	37.988889
-80.0575	37.952222
-80.096667	37.920556
-80.139444	37.8825
-80.180556	37.8425
-80.214167	37.795278
-80.243889	37.743889
-80.275833	37.698611
-80.278056	37.660556
-80.224722	37.633889
-80.254722	37.595556
-80.306389	37.568611
-80.275556	37.534444
-80.310278	37.501944
-80.362222	37.476389
-80.416389	37.454722
-80.4625	37.4275
-80.482778	37.464722
-80.523333	37.468611
-80.580556	37.450833
-80.635833	37.430556
-80.688611	37.405833
-80.736944	37.3825
-80.761111	37.396667
-80.796667	37.419722
-80.803333	37.421389
-80.851667	37.426389
-80.881944	37.384722
-80.864444	37.339722
-80.914167	37.309444
-80.960556	37.293889
-81.011944	37.297222
-81.073333	37.286111
-81.138611	37.279167
-81.190556	37.253333
-81.226944	37.244444
-81.241667	37.264167
-81.297222	37.293056
-81.336111	37.330833
-81.381944	37.317222
-81.418333	37.272222
-81.485	37.263889
-81.526111	37.226667
-81.569444	37.205
-81.644444	37.208889
-81.698333	37.233611
-81.743611	37.268333
-81.793333	37.285
-81.829722	37.288889
-81.861944	37.33
-81.913611	37.360556
-81.93	37.408611
-81.949722	37.450556
-81.978611	37.485278
-81.950556	37.523333
-81.966111	37.539444
-82.017222	37.540278
-82.076667	37.554722
-82.1375	37.574722
-82.163333	37.618056
-82.201111	37.629167
-82.236944	37.664167
-82.296944	37.688333
-82.315556	37.736111
-82.325556	37.776111
-82.377222	37.804444
-82.408889	37.847222
-82.4225	37.8975
-82.474722	37.928611
-82.464722	37.970833
-82.493056	37.9975
-82.538333	38.031111
-82.562222	38.076111
-82.596944	38.113611
-82.633333	38.152778
-82.634722	38.176389
-82.599167	38.209167
-82.573333	38.243056
-82.570278	38.296389
-82.581111	38.348333
-82.590278	38.398889
-81.989722	37.522222
-82.074444	37.465833
-82.158333	37.408889
-82.242778	37.352222
-82.326111	37.295556
-82.389722	37.259167
-82.444444	37.238889
-82.502222	37.219444
-82.554167	37.193889
-82.611111	37.173056
-82.66	37.145
-82.709722	37.116944
-82.703889	37.062778
-82.747222	37.027778
-82.805	37.010278
-82.851944	36.981944
-82.855278	36.929722
-82.888333	36.888889
-82.946111	36.870278
-83.007222	36.856111
-83.069444	36.845
-83.100278	36.801667
-83.12	36.760833
-83.155556	36.747222
-83.216667	36.740833
-83.279167	36.7275
-83.340278	36.711944
-83.39	36.685556
-83.445556	36.670556
-83.515278	36.667222
-83.571944	36.648056
-83.630833	36.634722
-83.670278	36.602778
-79.477778	39.672778
-79.479444	39.603611
-79.481111	39.534167
-79.482778	39.465
-79.484722	39.395556
-79.485278	39.326111
-79.486944	39.256667
-83.465833	41.738333
-83.560833	41.732778
-83.655833	41.726944
-83.746944	41.725556
-83.841111	41.723611
-83.927778	41.721389
-84.021667	41.719444
-84.115833	41.717222
-84.209722	41.715278
-84.303611	41.713056
-84.397778	41.710833
-84.491944	41.707778
-84.585833	41.705278
-84.68	41.702778
-84.773889	41.700278
-84.798611	41.724722
-84.799444	41.657222
-84.798611	41.588056
-84.798611	41.519167
-84.798889	41.45
-84.797778	41.381111
-84.798056	41.312222
-84.798056	41.243333
-84.798333	41.174167
-84.7975	41.105278
-84.7975	41.036389
-84.7975	40.972778
-84.798611	40.904167
-84.799444	40.835278
-84.800556	40.766389
-84.801389	40.697778
-84.8025	40.628889
-84.803611	40.56
-84.804722	40.491389
-84.805556	40.4225
-84.806667	40.353889
-84.8075	40.285
-84.808611	40.216111
-84.809444	40.1475
-84.810556	40.078611
-84.811667	40.01
-84.812778	39.941111
-84.813611	39.8725
-84.814722	39.803611
-84.815556	39.735
-84.816667	39.666111
-84.816667	39.597222
-84.8175	39.528611
-84.818611	39.459722
-84.819444	39.391111
-84.820556	39.322222
-84.821667	39.253611
-84.8225	39.184722
-84.823611	39.116111
-87.522222	41.678889
-87.522222	41.610278
-87.5225	41.541667
-87.523611	41.473056
-87.523611	41.404167
-87.523889	41.335556
-87.524167	41.266944
-87.524444	41.198333
-87.524722	41.129722
-87.524722	41.061111
-87.525833	40.9925
-87.525833	40.923889
-87.526111	40.855278
-87.526389	40.786667
-87.526667	40.718056
-87.526944	40.649444
-87.526944	40.580833
-87.528056	40.5125
-87.528056	40.443889
-87.528333	40.375278
-87.528611	40.306667
-87.528889	40.238056
-87.528889	40.169444
-87.529167	40.100833
-87.53	40.0325
-87.530278	39.963889
-87.530556	39.895278
-87.530833	39.826667
-87.530833	39.758056
-87.531111	39.689444
-87.531389	39.620833
-87.532222	39.5525
-87.5325	39.483889
-87.5325	39.415278
-87.887778	42.492778
-87.981667	42.493333
-88.075556	42.493889
-88.169444	42.494167
-88.263333	42.494444
-88.3575	42.494722
-88.451389	42.495
-88.545278	42.495833
-88.639167	42.495833
-88.733056	42.495833
-88.827222	42.495556
-88.916389	42.495833
-89.01	42.496111
-89.103889	42.496667
-89.197778	42.496944
-89.285833	42.498056
-89.379722	42.499444
-89.473056	42.500278
-89.566944	42.501667
-89.660556	42.503056
-89.754444	42.503611
-89.847778	42.505
-89.941667	42.506111
-90.035278	42.507222
-90.129167	42.5075
-90.222778	42.508333
-90.316389	42.509167
-90.410278	42.51
-90.503889	42.51
-90.5975	42.510833
-94.034722	31.985556
-93.993056	31.955833
-93.960278	31.918611
-93.911389	31.889722
-93.879444	31.850278
-93.852778	31.806389
-93.839444	31.761111
-93.816667	31.717222
-93.820556	31.668889
-93.826389	31.632222
-93.823889	31.582778
-93.788889	31.545
-93.734167	31.521944
-93.748611	31.491389
-93.713889	31.459167
-93.698889	31.414444
-93.660556	31.378611
-93.6725	31.347778
-93.663889	31.306111
-93.625556	31.272222
-93.607778	31.231389
-93.593889	31.192778
-93.814722	29.962222
-93.835278	29.911667
-93.865556	29.875556
-93.908333	29.845
-93.945556	29.810556
-93.929722	29.789167
-93.899444	29.771389
-93.885	29.739722
-93.856667	29.709167
-96.988056	33.935278
-96.9325	33.956944
-96.884167	33.931944
-96.863889	33.881667
-96.806111	33.873056
-96.753889	33.851111
-96.691667	33.854167
-96.665556	33.901944
-96.608611	33.9125
-96.601111	33.873333
-96.568889	33.836389
-89.729167	30.975833
-89.745556	30.922778
-89.767778	30.873889
-89.783333	30.823611
-89.818333	30.785556
-89.8275	30.7325
-89.843889	30.673333
-89.811389	30.635278
-89.812222	30.584167
-89.775833	30.549722
-89.733889	30.519722
-89.698611	30.486667
-89.673611	30.446389
-89.664722	30.396667
-89.636944	30.356667
-89.636944	30.311944
-89.621111	30.268889
-89.603333	30.232778
-89.580556	30.196667
-89.538056	30.199444
-99.999167	34.579722
-99.961667	34.570833
-99.903889	34.570278
-99.856111	34.542778
-99.815278	34.509444
-99.778611	34.479444
-99.744444	34.448611
-99.706667	34.418056
-99.6825	34.396667
-99.636111	34.379444
-99.585833	34.381389
-99.566667	34.401111
-99.519722	34.409167
-99.475556	34.393333
-99.426389	34.374722
-99.403056	34.378611
-99.393889	34.392222
-99.393333	34.438611
-99.363889	34.464167
-99.339722	34.434722
-99.311667	34.421111
-99.265	34.406389
-99.246944	34.370278
-99.208611	34.344167
-99.196667	34.301667
-99.199722	34.251944
-99.176667	34.215
-99.144167	34.213333
-99.089444	34.210278
-99.030278	34.198889
-98.9875	34.215
-98.942778	34.203611
-98.932778	34.195833
-98.888056	34.171667
-98.835278	34.154722
-98.776111	34.146667
-98.716667	34.135833
-98.662222	34.151667
-98.601111	34.159167
-98.576389	34.147778
-98.549444	34.1175
-98.5125	34.087778
-98.461389	34.066667
-98.406389	34.082222
-98.395833	34.099167
-98.371111	34.132222
-98.33	34.136944
-98.265278	34.131389
-98.195278	34.128333
-98.135278	34.139444
-98.092778	34.141667
-98.090278	34.104722
-98.093056	34.064444
-98.092222	34.056944
-98.083056	34.026944
-98.043056	34.003611
-97.985	33.998611
-97.961667	33.991389
-97.946111	33.983611
-97.944444	33.944722
-97.961667	33.900556
-97.929167	33.873611
-97.873056	33.858889
-97.8575	33.861389
-97.810278	33.880278
-97.771389	33.905278
-97.733889	33.936667
-97.698056	33.970833
-97.686944	33.976111
-97.634444	33.985278
-97.591111	33.966389
-97.590833	33.9175
-97.56	33.896389
-97.504167	33.901944
-97.463056	33.883889
-97.451667	33.834722
-97.412222	33.82
-97.381389	33.824167
-97.336667	33.844167
-97.319167	33.8725
-97.285278	33.868333
-97.258333	33.860278
-97.248333	33.881111
-97.227778	33.900278
-97.185833	33.889167
-97.178056	33.851389
-97.201389	33.824722
-97.196944	33.781667
-97.173611	33.744167
-97.141111	33.725
-97.105556	33.726944
-97.083056	33.753611
-97.082222	33.791111
-97.065	33.813056
-97.0575	33.830833
-97.075	33.855833
-97.036389	33.843056
-97.008611	33.856667
-96.988889	33.891667
-96.986111	33.9025
-96.519722	33.817778
-96.4925	33.782222
-96.4325	33.785833
-96.386389	33.760556
-96.355833	33.717778
-96.311389	33.700833
-96.295278	33.738333
-96.261111	33.7625
-96.2075	33.756667
-96.168056	33.784722
-96.146111	33.823611
-96.113889	33.834167
-96.046667	33.84
-96.000833	33.860278
-95.953333	33.878611
-95.929444	33.891944
-95.891667	33.866111
-95.841389	33.844444
-95.801389	33.864167
-95.770278	33.867778
-95.747222	33.893056
-95.711389	33.897222
-95.678333	33.911667
-95.644167	33.925278
-95.6175	33.926944
-95.606667	33.941667
-95.560556	33.935833
-95.543333	33.898889
-95.511667	33.890278
-95.474722	33.881111
-95.433056	33.866667
-95.365	33.87
-95.333333	33.887222
-95.299167	33.887778
-95.281944	33.908333
-95.256389	33.907222
-95.253056	33.945278
-95.213056	33.960833
-95.155833	33.946111
-95.124444	33.914722
-95.086111	33.905
-95.048333	33.871944
-95.003889	33.853056
-94.960278	33.847778
-94.941667	33.813333
-94.910556	33.790833
-94.882778	33.760833
-94.826389	33.748889
-94.765833	33.734444
-94.728333	33.700556
-94.6725	33.691944
-94.633056	33.677222
-94.610833	33.674167
-94.589444	33.671111
-94.550833	33.654167
-94.532222	33.649167
-94.532222	33.649167
-94.474722	33.643056
-94.446667	33.601389
-94.401111	33.58
-94.394444	33.5675
-94.345556	33.560833
-94.311111	33.568611
-94.283889	33.585833
-94.238056	33.57
-94.195	33.590278
-94.141111	33.569722
-94.0775	33.567222
-94.046389	33.553333
-93.541111	31.189167
-93.549722	31.150556
-93.559722	31.104444
-93.531111	31.063611
-93.525278	31.024722
-93.575556	31.000278
-93.5475	30.9575
-93.553333	30.921389
-93.570833	30.877778
-93.563889	30.8225
-93.591667	30.775833
-93.614444	30.729167
-93.639722	30.680556
-93.679167	30.646389
-93.685278	30.598611
-93.724722	30.564444
-93.7125	30.524444
-93.701944	30.475
-93.719722	30.429444
-93.753889	30.388056
-93.752778	30.332778
-93.719722	30.295833
-93.716389	30.245556
-93.721944	30.213611
-93.705	30.176111
-93.706667	30.126111
-93.718056	30.079167
-93.748056	30.039722
-93.784722	30.005833
-98.478889	42.986667
-98.431944	42.951389
-98.38	42.921389
-98.316667	42.898056
-98.254444	42.875556
-98.189444	42.853611
-98.125278	42.833611
-98.08	42.802222
-98.014167	42.781944
-97.933611	42.785556
-97.901389	42.826667
-97.861944	42.863611
-97.787778	42.856944
-97.731111	42.865556
-97.664444	42.847778
-97.601944	42.87
-97.523333	42.856944
-97.438611	42.861389
-97.371667	42.873611
-97.290833	42.879444
-97.230833	42.854444
-97.188333	42.816667
-97.139722	42.791667
-97.071667	42.781389
-96.995278	42.767222
-96.9525	42.736389
-96.874722	42.739167
-96.815833	42.716111
-96.800556	42.682778
-96.717778	42.674722
-96.703611	42.638056
-96.666944	42.599167
-96.633611	42.557222
-96.591944	42.526111
-96.519444	42.519444
-96.450833	42.511389
-96.389444	42.49
-96.386111	42.447778
-96.400833	42.396944
-96.397778	42.349722
-96.363889	42.320833
-96.330556	42.278889
-96.347222	42.228889
-96.339722	42.176389
-96.291389	42.142778
-96.257222	42.101111
-96.258056	42.051111
-96.214722	42.015278
-96.157778	41.989722
-96.146389	41.940278
-96.144167	41.883611
-96.110278	41.841667
-96.065278	41.806111
-96.079722	41.758333
-96.077778	41.708333
-96.097778	41.665556
-96.100833	41.613056
-96.0725	41.574722
-96.0675	41.533611
-96.004167	41.548056
-96.001111	41.505833
-95.968333	41.465833
-95.920556	41.445833
-95.936667	41.389167
-95.954722	41.337222
-95.886667	41.319444
-95.888056	41.278056
-95.918333	41.233333
-95.906389	41.188056
-95.855278	41.183056
-95.868889	41.138333
-95.873056	41.080556
-95.865833	41.047778
-95.861389	41.000556
-95.838333	40.953611
-95.823889	40.904722
-95.834444	40.851944
-95.830278	40.799167
-95.858056	40.759444
-95.862778	40.709722
-95.821944	40.675833
-95.77	40.6475
-95.765	40.592222
-95.761944	40.536944
-95.693056	40.518889
-95.693056	40.473889
-95.664722	40.432222
-95.647778	40.385278
-95.630833	40.335
-95.63	40.305556
-95.569444	40.291389
-95.533056	40.251944
-95.467222	40.2325
-95.475278	40.187778
-95.439167	40.147778
-95.400278	40.109444
-95.415	40.059722
-95.381944	40.028611
-95.323611	40.004722
-95.281944	39.968333
-95.230833	39.938611
-95.1925	39.903611
-95.139722	39.887222
-95.085556	39.86
-95.031389	39.878889
-94.973889	39.901111
-94.941111	39.869167
-94.909444	39.8325
-94.888056	39.796389
-94.868889	39.745833
-94.9175	39.732222
-94.974722	39.721389
-95.001389	39.674167
-95.041389	39.644444
-95.059444	39.590833
-95.109444	39.564722
-95.089444	39.516389
-95.049722	39.48
-95.003056	39.4475
-94.957778	39.413611
-94.914167	39.3875
-94.908333	39.354444
-94.894722	39.304167
-94.8525	39.270556
-94.832778	39.223333
-94.786944	39.192222
-94.725	39.169722
-94.656667	39.1675
-94.608611	39.155278
-94.618056	39.120278
-91.71	40.595556
-91.685	40.550278
-91.626111	40.524444
-91.584167	40.4875
-91.535833	40.4575
-91.511389	40.410278
-91.454722	40.385278
-91.147222	42.983611
-91.140556	42.933056
-91.109444	42.89
-91.086389	42.841111
-91.077222	42.797222
-91.057222	42.748056
-91.010833	42.714722
-90.946111	42.691111
-90.876667	42.682778
-90.796389	42.672222
-90.719722	42.655278
-90.676667	42.625278
-90.656944	42.577222
-90.628056	42.539722
-90.649167	42.489167
-90.617778	42.459444
-90.567778	42.426389
-90.514722	42.397222
-90.459444	42.369167
-90.420556	42.331944
-90.412778	42.293056
-90.398889	42.245556
-90.352222	42.211111
-90.295556	42.183056
-90.250833	42.1625
-90.200833	42.132778
-90.164722	42.098333
-90.1475	42.049722
-90.14	41.996389
-90.158889	41.948056
-90.170278	41.901667
-90.181389	41.854444
-90.205556	41.807778
-90.256667	41.781389
-90.304722	41.750278
-90.321389	41.6975
-90.338611	41.646111
-90.3425	41.604444
-90.383333	41.576944
-90.432222	41.545
-90.452778	41.534167
-90.514722	41.523056
-90.583611	41.512222
-90.631944	41.480278
-90.685278	41.454722
-90.748889	41.449722
-90.824167	41.444444
-90.889444	41.426389
-90.971667	41.432222
-91.033333	41.413333
-91.06	41.361944
-91.084444	41.308056
-91.1	41.256667
-91.090278	41.203889
-91.046944	41.168889
-90.996389	41.14
-90.958889	41.100556
-90.9475	41.055278
-90.946111	40.995556
-90.967222	40.9425
-91.010556	40.905833
-91.054722	40.868611
-91.094167	40.829722
-91.097778	40.773889
-91.114444	40.719722
-91.143333	40.671944
-91.198333	40.648333
-91.265556	40.634722
-91.322222	40.62
-91.375833	40.593056
-91.415556	40.556667
-91.382778	40.519722
-91.374444	40.467222
-91.380833	40.4225
-91.406389	40.384722
-91.456389	40.369722
-91.486944	40.319167
-91.506389	40.261667
-91.515	40.198889
-91.517222	40.134722
-91.506944	40.081389
-91.495556	40.026111
-91.473333	39.9775
-91.438333	39.9375
-91.45	39.885
-91.4325	39.841667
-91.392778	39.803889
-91.383333	39.748056
-91.358056	39.7025
-91.306111	39.672222
-91.2575	39.641111
-91.215556	39.609444
-91.175278	39.571667
-91.126944	39.540833
-91.088333	39.511667
-91.064444	39.464722
-91.024167	39.435278
-90.972222	39.405556
-90.913611	39.38
-90.8625	39.350278
-90.815556	39.318889
-90.777222	39.2825
-90.746944	39.239444
-90.729167	39.188056
-90.725833	39.130556
-90.7075	39.086667
-90.706944	39.034722
-90.698611	38.988333
-90.673333	38.942222
-90.639444	38.901389
-90.604444	38.880833
-90.542778	38.890556
-90.506111	38.932778
-90.464167	38.965833
-90.403611	38.958333
-90.344444	38.933333
-90.265833	38.921667
-90.221389	38.894167
-90.166944	38.868056
-90.124444	38.833889
-90.151389	38.786111
-90.188056	38.744722
-90.200833	38.688889
-90.188611	38.655278
-90.207778	38.604722
-90.244444	38.563333
-90.2725	38.513611
-90.295278	38.459167
-90.317778	38.417222
-90.355833	38.378056
-90.381944	38.326667
-90.377778	38.266944
-90.3575	38.218056
-90.327778	38.189167
-90.282778	38.156111
-90.245556	38.116944
-90.198611	38.083889
-90.151944	38.052222
-90.11	38.016667
-90.056389	37.989722
-90.003611	37.962222
-87.532778	39.356944
-87.589167	39.338056
-87.625833	39.302778
-87.615833	39.266111
-87.591667	39.228611
-87.614444	39.185
-87.659167	39.155833
-87.668611	39.11
-87.6325	39.085278
-87.590833	39.051667
-87.588056	39
-87.549167	38.971389
-87.534444	38.926667
-87.557778	38.874167
-87.537222	38.8275
-87.516667	38.785556
-87.516667	38.734167
-87.535556	38.690833
-87.593611	38.67
-87.620278	38.628056
-87.63	38.591944
-87.6675	38.554722
-87.646389	38.510833
-87.683333	38.498056
-87.730278	38.468333
-87.746389	38.441111
-87.769167	38.394722
-87.816667	38.365278
-87.840278	38.319722
-87.865	38.289167
-87.886667	38.307778
-87.915556	38.278611
-87.948333	38.294167
-87.9675	38.248056
-87.993056	38.225833
-87.979444	38.190278
-87.940278	38.165833
-87.960556	38.132778
-87.993611	38.115556
-88.025833	38.091389
-87.975833	38.089722
-88.006389	38.06
-88.039167	38.037778
-88.038333	38.004167
-88.045278	37.956944
-88.042778	37.923611
-88.058056	37.888889
-88.108611	37.886389
-88.060833	37.855
-88.047222	37.826111
-88.093889	37.815556
-89.847222	37.897222
-89.803611	37.862778
-89.742222	37.843333
-89.700556	37.806944
-89.680278	37.764167
-89.641389	37.728611
-89.5825	37.703333
-89.525278	37.678611
-89.517222	37.625833
-89.529722	37.568611
-89.520556	37.533611
-89.493056	37.488333
-89.46	37.448333
-89.4425	37.399167
-89.460833	37.344444
-89.509722	37.32
-89.516944	37.263056
-89.466667	37.2375
-89.460833	37.196667
-89.436667	37.152222
-89.400278	37.112778
-89.388056	37.065278
-89.349722	37.028889
-89.298056	37.000278
-89.269167	37.021667
-89.307222	37.053889
-89.276111	37.088056
-89.246667	37.045833
-89.205556	37.016111
-89.181667	36.976944
-89.123889	36.978611
-89.120278	36.925556
-89.124444	36.879444
-80.520833	40.641944
-80.5725	40.619444
-80.631389	40.621667
-80.674444	40.587222
-80.646389	40.546111
-80.619167	40.501667
-80.600278	40.455
-80.629444	40.403889
-80.604722	40.3625
-80.602778	40.312222
-80.626111	40.274167
-80.661667	40.2325
-80.686389	40.182778
-80.703056	40.131389
-80.735556	40.089722
-80.741111	40.035833
-80.737778	39.990833
-80.765278	39.952778
-80.763889	39.918611
-80.805833	39.898611
-80.808611	39.851389
-80.828611	39.805
-80.869722	39.768333
-80.845	39.740278
-80.846389	39.694167
-80.866667	39.649167
-80.906389	39.614444
-80.96	39.588056
-80.990833	39.568611
-81.038611	39.536389
-81.080556	39.5025
-81.111944	39.462222
-81.157778	39.438056
-81.187778	39.424722
-81.226944	39.3925
-81.277778	39.383611
-81.327778	39.355833
-81.384167	39.351944
-81.410833	39.392778
-81.460833	39.410556
-81.503056	39.374722
-81.549444	39.342778
-81.565	39.3
-81.605833	39.275556
-81.6725	39.270278
-81.696944	39.231111
-81.736944	39.195556
-81.756944	39.167222
-81.7525	39.138889
-81.756944	39.093056
-81.818333	39.078889
-81.800556	39.045556
-81.77	39.009167
-81.774167	38.957222
-81.779167	38.930278
-81.834722	38.942778
-81.860833	38.893333
-81.918889	38.876944
-81.909722	38.917778
-81.92	38.966944
-81.954444	38.992222
-81.998889	39.019444
-82.047222	39.000278
-82.086111	38.963889
-82.123056	38.920833
-82.143333	38.864167
-82.168611	38.815833
-82.199167	38.791389
-82.204444	38.751944
-82.1825	38.705833
-82.186111	38.6475
-82.183333	38.600278
-82.244444	38.593889
-82.285833	38.563056
-82.300556	38.518333
-82.31	38.4575
-82.358333	38.438889
-82.425	38.430556
-82.485	38.413333
-82.534444	38.403889
-82.594167	38.416667
-82.607222	38.455833
-82.646667	38.485833
-82.685556	38.521667
-82.721389	38.551667
-82.7975	38.563889
-82.836111	38.59
-82.856111	38.637778
-82.875556	38.685278
-82.878056	38.7325
-82.919444	38.743333
-82.956667	38.726389
-83.021389	38.718056
-83.061389	38.682778
-83.113889	38.6625
-83.1225	38.640278
-83.1725	38.614722
-83.248056	38.625
-83.290833	38.595556
-83.329722	38.621667
-83.348056	38.642222
-83.398056	38.666111
-83.470833	38.678889
-83.514444	38.703889
-83.579167	38.692778
-83.625556	38.665
-83.663889	38.6275
-83.693333	38.634722
-83.759167	38.654722
-83.783333	38.685556
-83.82	38.706111
-83.8525	38.746389
-83.896389	38.766667
-83.956389	38.788056
-84.021111	38.774722
-84.095556	38.779444
-84.166111	38.798333
-84.208611	38.816667
-84.225278	38.863889
-84.243611	38.910833
-84.275556	38.941944
-84.293611	38.986944
-84.319167	39.023889
-84.384722	39.044722
-84.4225	39.070833
-84.436389	39.100833
-84.488611	39.1025
-84.544722	39.088333
-84.601944	39.069444
-84.649167	39.084722
-84.695556	39.116667
-84.722222	39.139444
-84.765	39.124722
-84.814722	39.098333
-84.858333	39.070833
-84.878889	39.040833
-84.845556	39.007222
-84.823611	38.966667
-84.8625	38.930833
-84.870833	38.908333
-84.815	38.896667
-84.7825	38.867222
-84.819722	38.83
-84.802222	38.789722
-84.863889	38.794722
-84.925	38.786389
-84.991111	38.774444
-85.036667	38.754444
-85.079722	38.732222
-85.127778	38.707222
-85.174444	38.689444
-89.183611	36.651389
-89.206667	36.606111
-89.238889	36.568611
-89.293889	36.5825
-89.331111	36.619444
-89.380833	36.621667
-89.392778	36.580278
-89.4125	36.532778
-89.435833	36.484167
-89.469444	36.453056
-89.506667	36.465833
-89.49	36.510833
-89.501111	36.553056
-89.557778	36.562778
-89.576667	36.521111
-89.548889	36.484444
-89.553889	36.4425
-89.529167	36.398056
-89.541667	36.355278
-89.596111	36.348333
-89.628056	36.312778
-89.590278	36.286389
-89.563056	36.259167
-89.624444	36.249722
-89.6875	36.243333
-89.670278	36.211111
-89.631389	36.175556
-89.607222	36.133056
-89.656111	36.108056
-89.689167	36.067778
-89.714722	36.023333
-89.722778	35.9775
-89.686944	35.945
-89.663611	35.903333
-89.672778	35.891667
-89.722778	35.913889
-89.775	35.890278
-89.77	35.869444
-89.720556	35.843056
-89.739722	35.814722
-85.21	38.699167
-85.251944	38.735278
-85.316944	38.741667
-85.386389	38.733333
-85.449722	38.718333
-85.444444	38.676389
-85.432222	38.626667
-85.416389	38.580833
-85.424167	38.533611
-85.478889	38.509167
-85.513889	38.472778
-85.576667	38.4575
-85.620833	38.423333
-85.638611	38.365
-85.661944	38.31
-85.71	38.283333
-85.755	38.267222
-85.812778	38.285
-85.847778	38.241111
-85.887778	38.200833
-85.9025	38.151667
-85.905556	38.095
-85.920278	38.040278
-85.964444	38.005556
-86.026389	37.991389
-86.061389	37.969444
-86.098611	38.007222
-86.168056	38.02
-86.23	38.043611
-86.282222	38.071389
-86.281667	38.1175
-86.307778	38.1575
-86.349444	38.190833
-86.388611	38.175556
-86.335556	38.150278
-86.371944	38.126111
-86.421111	38.115278
-86.465278	38.120833
-86.438333	38.081389
-86.480278	38.049722
-86.524167	38.018056
-86.5175	37.967222
-86.527778	37.925833
-86.594444	37.914722
-86.593889	37.869167
-86.648333	37.845833
-86.650556	37.891944
-86.693611	37.899444
-86.753889	37.9025
-86.786111	37.943889
-86.816667	37.985556
-86.874167	37.971111
-86.915278	37.938611
-86.984722	37.931667
-87.035278	37.904167
-87.055556	37.848611
-87.083333	37.802778
-87.136944	37.792778
-87.160833	37.837778
-87.220556	37.855
-87.273889	37.882778
-87.337222	37.905
-87.390556	37.933889
-87.448056	37.943889
-87.498889	37.918333
-87.564167	37.914167
-87.583333	37.957778
-87.615833	37.959722
-87.606944	37.912222
-87.591389	37.864167
-87.632222	37.829167
-87.681111	37.843611
-87.671111	37.891944
-87.720278	37.894167
-87.760833	37.879167
-87.830833	37.881389
-87.873611	37.917222
-87.929444	37.915278
-87.918889	37.870278
-87.900278	37.823333
-87.943889	37.789167
-87.989722	37.793611
-88.038889	37.812222
-88.052778	37.758889
-88.090556	37.72
-88.137778	37.689722
-88.160833	37.639167
-88.139722	37.590556
-88.100833	37.553333
-88.076667	37.5075
-88.107778	37.471667
-88.180556	37.466389
-88.251667	37.459722
-88.314722	37.444444
-88.360833	37.411944
-88.414722	37.414444
-88.476944	37.397778
-88.503333	37.351111
-88.5125	37.293056
-88.493611	37.245833
-88.458333	37.208889
-88.428333	37.165
-88.4375	37.124167
-88.470556	37.079444
-88.526389	37.062778
-88.586389	37.085556
-88.635833	37.116389
-88.694722	37.134167
-88.756944	37.155
-88.815556	37.176944
-88.874722	37.202222
-88.939722	37.223333
-89.012222	37.216111
-89.0625	37.189444
-89.103611	37.153889
-89.128611	37.106944
-89.172778	37.073333
-89.177222	37.024444
-89.146111	36.994167
-79.473333	39.209167
-79.426389	39.239722
-79.38	39.273056
-79.329722	39.298611
-79.278056	39.326111
-79.235833	39.361389
-79.182778	39.383056
-79.139167	39.416667
-79.114722	39.455833
-79.065	39.482222
-79.01	39.466667
-78.957222	39.45
-78.922222	39.488333
-78.8775	39.521111
-78.839444	39.56
-78.805556	39.568056
-78.797222	39.609167
-78.769167	39.640556
-78.731944	39.611944
-78.756111	39.586111
-78.757222	39.585556
-78.724722	39.572222
-78.678889	39.543611
-78.608056	39.5325
-78.513056	39.527222
-78.449167	39.538889
-78.4475	39.568056
-78.416944	39.586944
-78.433611	39.62
-78.370833	39.632778
-78.308056	39.630556
-78.250556	39.647778
-78.217222	39.683889
-78.159444	39.698611
-78.093889	39.674444
-78.041111	39.646944
-78.004722	39.609722
-77.952778	39.598333
-77.896111	39.602778
-77.841111	39.606111
-77.85	39.565
-77.866111	39.537222
-77.842778	39.533056
-77.831667	39.511389
-77.800556	39.494722
-77.783889	39.486111
-77.795556	39.453889
-77.766667	39.426944
-77.740278	39.390833
-77.745278	39.353889
-77.747222	39.338333
-77.692222	39.319167
-77.637778	39.307778
-77.574167	39.303056
-77.541667	39.274722
-77.486389	39.247222
-77.459722	39.212778
-77.498333	39.177222
-77.504722	39.125833
-77.469722	39.097222
-77.419444	39.065556
-77.353333	39.069167
-77.2975	39.049722
-77.2475	39.022222
-77.234722	38.988333
-77.175556	38.969722
-77.122222	38.947778
-77.083611	38.918056
-75.190556	40.678333
-75.188611	40.630556
-75.188056	40.576944
-75.126667	40.564167
-75.069722	40.541944
-75.065278	40.491944
-75.061944	40.443333
-75.018889	40.406389
-74.960278	40.395278
-74.938611	40.348611
-74.894167	40.315556
-74.853611	40.279722
-74.816111	40.240556
-74.770278	40.207222
-74.730833	40.171667
-74.750278	40.133333
-74.805	40.123889
-74.855	40.094167
-74.912222	40.072778
-74.962778	40.045
-75.008333	40.0175
-75.543056	39.508333
-75.524167	39.4925
-75.517222	39.536944
-75.517222	39.574722
-75.555833	39.612222
-75.524167	39.639444
-75.498889	39.686389
-75.462778	39.713056
-75.466667	39.740556
-75.4325	39.774444
-75.393056	39.803056
-75.362778	39.820278
-75.309444	39.836944
-75.250833	39.848333
-75.196111	39.863333
-75.138889	39.872222
-75.106944	39.8975
-75.121944	39.923056
-75.100556	39.946944
-75.062778	39.969444
-75.030278	40.005833
-83.109444	34.972222
-83.135	34.926111
-83.183333	34.908056
-83.227778	34.877222
-83.242778	34.843889
-83.271667	34.813056
-83.3125	34.782778
-83.338056	34.735278
-83.35	34.696111
-83.305833	34.665
-83.265556	34.638333
-83.213056	34.614167
-83.178611	34.607778
-82.797778	34.329444
-82.766667	34.291389
-82.748889	34.256944
-82.738333	34.209444
-82.723889	34.160833
-82.676944	34.132222
-82.644167	34.093333
-82.611667	34.054444
-82.589722	34.02
-82.192778	33.629167
-82.149167	33.600278
-82.090556	33.5875
-82.0425	33.555556
-82.006389	33.519444
-81.979444	33.492778
-81.929167	33.4675
-81.921667	33.423889
-81.939722	33.408056
-81.927778	33.376111
-81.921111	33.350278
-81.888056	33.316389
-81.868056	33.315833
-81.8525	33.298889
-81.836944	33.265833
-81.823889	33.2275
-81.773889	33.2125
-81.767222	33.166389
-81.733889	33.136667
-81.674167	33.116389
-81.620833	33.093333
-81.572778	33.063056
-81.525833	33.042222
-81.491944	33.008889
-81.5	32.965
-81.4925	32.929444
-81.470278	32.888889
-81.447222	32.848333
-81.4275	32.805278
-81.409167	32.762778
-81.404722	32.725
-81.413889	32.694444
-81.3975	32.654167
-81.397222	32.609722
-81.356667	32.580556
-81.295833	32.563611
-81.27	32.532778
-81.240278	32.527778
-81.212778	32.486944
-81.1975	32.449444
-81.189444	32.403333
-81.167778	32.358611
-81.136111	32.331667
-81.126111	32.286667
-81.147222	32.256944
-81.149444	32.216944
-81.141111	32.174444
-81.133889	32.129167
-81.095833	32.101111
-81.057778	32.08
-81.005278	32.085
-80.953056	32.065
-80.930556	32.039167
-85.063056	31.627222
-85.052778	31.5775
-85.0375	31.531111
-85.064722	31.481944
-85.061667	31.437222
-85.077222	31.385278
-85.086111	31.331667
-85.104167	31.282222
-85.096944	31.23
-85.099722	31.178889
-85.070278	31.163056
-85.044722	31.126389
-85.0225	31.083889
-85.006111	31.042222
-85.005556	31.000556
-84.983056	30.968889
-84.9675	30.926667
-85.170278	32.818056
-85.135278	32.783056
-85.123056	32.742778
-85.106389	32.694444
-85.103056	32.6475
-85.083889	32.634722
-85.065	32.586389
-85.027222	32.549722
-84.993056	32.511944
-84.988889	32.456667
-84.963333	32.417222
-84.965556	32.401667
-84.982778	32.365833
-84.988333	32.324444
-84.939444	32.303889
-84.896944	32.272778
-84.920278	32.241944
-84.945	32.218333
-84.964444	32.203611
-85.0075	32.183611
-85.044167	32.146944
-85.045833	32.102222
-85.060278	32.064722
-71.083056	45.273056
-71.0775	45.199167
-71.071667	45.125
-71.066111	45.051111
-71.060556	44.977222
-71.055278	44.903333
-71.049444	44.829444
-71.045	44.755833
-71.039444	44.681944
-71.033889	44.608056
-71.028611	44.534444
-71.023056	44.460556
-71.0175	44.386667
-71.012222	44.312778
-71.006944	44.239167
-71.001111	44.165278
-70.995833	44.091667
-70.990556	44.017778
-70.985	43.944167
-70.979722	43.870278
-70.974444	43.796667
-70.968889	43.722778
-70.963611	43.649167
-70.956111	43.578611
-70.959722	43.527222
-70.965278	43.4725
-70.977222	43.414722
-70.961667	43.366667
-70.918333	43.328056
-70.886944	43.285278
-70.828056	43.252222
-70.8175	43.2025
-70.82	43.1475
-70.776667	43.109722
-70.873611	42.876944
-70.9375	42.8825
-70.998611	42.863333
-71.051667	42.832778
-71.115833	42.823056
-71.168611	42.791667
-71.208889	42.747222
-71.263611	42.719722
-71.325	42.701389
-71.422778	42.703611
-71.520833	42.705833
-71.618611	42.708056
-71.716667	42.71
-71.814444	42.711944
-71.912222	42.713889
-72.003333	42.715556
-72.100833	42.718611
-72.198333	42.721667
-72.295556	42.724722
-72.393333	42.726944
-72.490833	42.729722
-72.588056	42.732222
-72.685556	42.735
-72.783333	42.736944
-72.880556	42.739444
-72.978056	42.741944
-73.07	42.745
-73.166944	42.748611
-73.288056	42.821667
-73.265556	42.8875
-73.262778	42.958333
-73.259722	43.029444
-73.256667	43.100278
-73.253611	43.171389
-73.250833	43.242222
-73.2475	43.313333
-73.244722	43.384444
-73.241667	43.455556
-73.239722	43.521667
-73.264167	43.566944
-73.290833	43.611944
-73.3525	43.625556
-73.386111	43.577222
-73.275833	42.725
-73.3	42.658889
-73.324444	42.593056
-73.348611	42.527222
-73.371944	42.461111
-73.396111	42.395
-73.420278	42.329167
-73.444444	42.263333
-73.468333	42.1975
-73.492222	42.131389
-73.504444	42.07
-73.485556	42.006111
-73.492778	41.936389
-73.498889	41.866111
-73.506111	41.796389
-73.512222	41.726389
-73.519167	41.656389
-73.525556	41.586389
-73.531667	41.516389
-73.538889	41.446667
-73.545	41.376667
-73.551944	41.306944
-73.496389	41.230556
-73.566111	41.178056
-73.667222	41.130556
-73.699167	41.073889
-73.650278	41.019444
-73.422222	42.053333
-73.325556	42.051389
-73.229167	42.049167
-73.132778	42.046944
-73.036667	42.043889
-72.940278	42.041667
-72.843889	42.039167
-72.796667	42.004722
-72.748611	42.038333
-72.651667	42.036389
-72.561389	42.033611
-72.4725	42.033611
-72.374722	42.033333
-72.277222	42.033056
-72.18	42.031944
-72.082222	42.031667
-71.985	42.031111
-71.887778	42.029167
-71.801667	42.020556
-71.8	41.9525
-71.799167	41.880556
-71.798333	41.808333
-71.796667	41.735833
-71.795833	41.663611
-71.795278	41.591667
-71.794167	41.519444
-71.7925	41.447222
-71.83	41.41
-71.838056	41.356389
-71.789722	42.010556
-71.691111	42.012222
-71.592222	42.014167
-71.493889	42.015278
-71.395	42.016667
-71.3825	41.951667
-71.368889	41.893333
-71.338056	41.863056
-71.343333	41.808333
-71.311389	41.766111
-71.257222	41.735278
-71.223333	41.693333
-71.163889	41.664167
-71.141667	41.620278
-71.132222	41.569722
-71.129722	41.517778
-74.656667	41.335833
-74.576111	41.298889
-74.495278	41.2625
-74.414722	41.225556
-74.334444	41.188333
-74.254167	41.151111
-74.173611	41.114722
-74.093611	41.0775
-74.013333	41.040278
-73.933333	41.003333
-73.898056	40.959444
-73.924444	40.897778
-73.954722	40.839444
-73.990556	40.786389
-74.012222	40.728056
-74.046389	40.681111
-74.100833	40.655556
-74.167222	40.646944
-74.197222	40.604722
-74.230556	40.559722
-74.245	40.506111
-74.191111	40.480833
-74.126111	40.491111
-74.064722	40.508056
-74.000833	40.52
-73.93	40.511944
-91.170278	43.093889
-91.171389	43.153056
-91.139444	43.201111
-91.095556	43.240278
-91.081667	43.296944
-91.120556	43.336111
-91.201389	43.358611
-91.254722	43.641389
-91.265278	43.696111
-91.267222	43.800833
-91.295833	43.846111
-91.331111	43.887778
-92.13	44.424444
-92.211389	44.44
-92.270833	44.468333
-92.313056	44.506111
-92.345833	44.549444
-92.423611	44.565833
-92.512778	44.577222
-92.578611	44.601667
-90.405556	46.560278
-90.348056	46.556944
-90.298611	46.534444
-90.233611	46.513611
-90.195833	46.472778
-90.168889	46.425833
-90.14	46.379444
-90.104722	46.336389
-90.008611	46.318333
-89.912222	46.300556
-89.816389	46.2825
-89.720833	46.263889
-89.624722	46.245556
-89.528889	46.227778
-89.433056	46.209167
-89.3375	46.190556
-89.241667	46.171667
-89.146111	46.153611
-89.059444	46.125278
-88.968056	46.088056
-88.876389	46.050833
-73.348333	44.995278
-73.334444	44.945278
-73.365556	44.893333
-73.373889	44.836944
-73.336667	44.796111
-73.353611	44.736667
-73.364722	44.678333
-73.378889	44.618333
-73.364444	44.569722
-73.332222	44.526944
-73.3	44.484444
-73.295	44.431389
-73.327222	44.375556
-73.325	44.322778
-73.315556	44.2725
-73.346389	44.226389
-73.384444	44.184167
-73.408056	44.123333
-73.436667	44.066111
-73.413611	44.021389
-73.411667	43.967778
-73.402778	43.916389
-73.376389	43.872222
-73.381389	43.819444
-73.36	43.773056
-96.585556	45.8325
-96.622222	45.788056
-96.658611	45.743611
-96.717222	45.716944
-96.773889	45.688611
-96.825556	45.656667
-96.856944	45.593333
-91.211944	43.414722
-91.2025	43.358889
-97.030278	47.940556
-97.051944	47.984722
-97.059444	48.032778
-97.095833	48.076111
-97.115833	48.122222
-97.132222	48.169167
-97.126389	48.221111
-97.117222	48.273889
-97.119444	48.301944
-97.136111	48.346944
-97.136389	48.393611
-97.126389	48.440556
-97.138056	48.490278
-97.154167	48.532222
-97.143611	48.569167
-97.109444	48.621389
-97.095278	48.670556
-97.121667	48.715556
-97.143889	48.757778
-97.154722	48.801667
-97.175	48.843889
-97.1975	48.889444
-97.212778	48.929444
-97.234167	48.968889
-87.580278	45.098889
-87.486944	45.078056
-87.445	45.118333
-87.423611	45.184722
-87.381944	45.224167
-87.318333	45.243889
-87.275833	45.285278
-87.224444	45.319722
-87.1825	45.359722
-87.146111	45.407778
-87.105	45.448056
-87.005833	45.449444
-86.906389	45.451389
-86.8075	45.453333
-86.716667	45.436667
-86.626667	45.399444
-86.537222	45.361944
-86.447778	45.325
-86.358333	45.2875
-86.271944	45.250833
-86.641389	44.988056
-86.676944	44.939722
-86.7125	44.891111
-86.746944	44.841944
-86.779167	44.790278
-86.974167	44.291389
-86.993056	44.228611
-87.012222	44.164444
-87.031944	44.100833
-87.18	43.479444
-87.183889	43.417778
-87.175556	43.362778
-87.166389	43.3075
-87.160278	43.252222
-87.024444	42.791389
-87.013889	42.7375
-87.012778	42.678611
-87.013056	42.619722
-87.0175	42.558889
-87.039722	42.4925
-87.060833	42.430833
-87.041389	42.49
-87.135833	42.490556
-87.230278	42.491111
-87.143889	41.770278
-87.235	41.768333
-87.329722	41.765
-87.226667	41.801944
-87.487778	41.768333
-87.533333	41.74
-89.935	47.337222
-89.976389	47.271667
-90.017778	47.206111
-89.963333	47.291389
-90.064167	47.2925
-90.558056	47.304722
-90.659167	47.305556
-90.763056	47.256389
-91.363889	46.985833
-91.469167	46.94
-91.9625	46.735278
-92.047778	46.72
-92.098056	46.754722
-89.523611	47.978056
-89.564167	47.911944
-73.367222	43.741667
-73.401667	43.682778
-73.4225	43.627222
-73.413333	43.576389
-75.335556	41.978889
-75.271667	41.952778
-75.253611	41.904722
-75.220278	41.866111
-75.156389	41.866111
-75.101944	41.839167
-75.097222	41.803889
-75.053333	41.778333
-75.068333	41.730556
-75.054722	41.681944
-75.063611	41.629167
-75.042778	41.586111
-75.019167	41.540833
-74.987222	41.498889
-74.923889	41.4825
-74.884167	41.443611
-74.809167	41.441667
-74.744722	41.429722
-74.708611	41.389444
-74.715833	41.344167
-74.775278	41.325
-74.819167	41.288611
-74.86	41.243056
-74.879444	41.186389
-74.921389	41.1425
-74.968889	41.106389
-74.998333	41.068889
-75.044722	41.0325
-75.102222	41.010556
-75.128889	40.968333
-75.095	40.927222
-75.061111	40.886111
-75.093333	40.849167
-75.105	40.794444
-75.164444	40.779444
-75.1825	40.731667
-75.193611	40.682778
-88.785278	46.032222
-88.718056	46.034167
-88.661111	46.008056
-88.601111	46.019722
-88.529167	46.025
-88.473333	46.007222
-88.406389	45.991111
-88.344167	45.980833
-88.261944	45.970556
-88.187778	45.960833
-88.123056	45.934444
-88.094722	45.888889
-88.1075	45.845
-88.107778	45.799444
-88.030833	45.785278
-87.976944	45.768889
-87.894722	45.756111
-87.844167	45.721111
-87.800278	45.684167
-87.815833	45.641667
-87.7875	45.596667
-87.824167	45.562778
-87.802778	45.513611
-87.833611	45.464444
-87.8675	45.425833
-87.8825	45.371389
-87.829722	45.3625
-87.755278	45.363056
-87.695556	45.3875
-87.652222	45.356944
-87.688611	45.314722
-87.718889	45.261111
-87.735	45.199167
-87.691667	45.161667
-87.656111	45.12
-91.158889	43.076389
-91.154722	43.018889
-91.249444	43.565833
-91.225556	43.517778
-91.232778	43.452222
-91.271389	43.737778
-92.089167	44.4075
-92.027778	44.380278
-91.970833	44.350833
-91.928889	44.312778
-91.904167	44.264722
-91.870556	44.221944
-91.835	44.181111
-91.787778	44.146111
-91.729167	44.116944
-91.682222	44.082778
-91.625556	44.053056
-91.561111	44.030278
-91.4925	44.016111
-91.434722	43.986944
-91.386111	43.951667
-92.764722	44.726111
-92.713611	44.693333
-92.660278	44.661667
-92.620833	44.622778
-92.321667	46.070833
-92.359722	46.026111
-92.439167	46.022778
-92.488333	45.987778
-92.551944	45.965278
-92.610556	45.938611
-92.677778	45.920278
-92.728889	45.8875
-92.765	45.841389
-92.781944	45.788056
-92.824444	45.747778
-92.878333	45.717222
-92.898056	45.6575
-92.9	45.594167
-92.842778	45.564444
-92.761944	45.560278
-92.730556	45.515833
-92.699167	45.471389
-92.660278	45.431111
-92.68	45.386389
-92.703889	45.333056
-92.752222	45.298056
-92.762222	45.238889
-92.765833	45.177222
-92.749444	45.124444
-92.788056	45.083056
-92.783611	45.041667
-92.772778	44.985556
-92.756667	44.932778
-92.772222	44.880833
-92.775833	44.818611
-92.808611	44.77
-96.5925	43.483611
-96.587222	43.43
-96.543333	43.393056
-96.5325	43.337778
-96.555278	43.2875
-96.569167	43.260833
-96.570556	43.224167
-96.494444	43.219722
-96.466667	43.174444
-96.451944	43.119722
-96.473889	43.068889
-96.509444	43.031111
-96.856944	45.594167
-96.813611	45.556389
-96.774444	45.514722
-96.743333	45.47
-96.709444	45.425833
-96.646389	45.401667
-96.567778	45.385556
-96.508333	45.357222
-96.474444	45.314444
-96.570833	45.861944
-96.57	45.9225
-96.565833	45.974444
-96.581389	46.028889
-96.555556	46.081389
-96.566667	46.139167
-96.583611	46.189444
-96.593889	46.246944
-96.595833	46.308333
-96.631111	46.350833
-96.672778	46.39
-96.709444	46.432222
-96.730833	46.478611
-96.738056	46.5375
-96.753611	46.592778
-96.790556	46.635
-96.787222	46.688611
-96.784722	46.749167
-96.796389	46.805
-96.787222	46.861667
-96.761111	46.915
-96.801389	46.950556
-96.827778	46.998889
-96.825556	47.057222
-96.829167	47.113333
-96.826944	47.169167
-96.842778	47.225278
-96.845	47.286111
-96.844167	47.346111
-96.8525	47.398333
-96.866667	47.450833
-96.856667	47.503611
-96.855	47.5525
-96.861944	47.606111
-96.89	47.654444
-96.910278	47.707778
-96.938056	47.755278
-96.976667	47.797222
-96.994444	47.845
-97.018056	47.894444
-71.486944	45.021111
-71.535	44.998056
-71.521944	44.948333
-71.508056	44.899444
-71.552222	44.854444
-71.591944	44.801944
-71.636389	44.756389
-71.618056	44.708333
-71.590278	44.664167
-71.565556	44.618889
-71.561389	44.572222
-71.595278	44.54
-71.614722	44.493611
-71.664722	44.456667
-71.7175	44.423056
-71.778333	44.401944
-71.829167	44.365833
-71.888889	44.344167
-71.963611	44.341944
-72.021389	44.316389
-72.047778	44.260556
-72.048056	44.206667
-72.047222	44.153056
-72.046389	44.099444
-72.081667	44.045833
-72.118056	43.991944
-72.120833	43.953611
-72.160833	43.905
-72.188611	43.849722
-72.202222	43.790833
-72.250833	43.751389
-72.301667	43.716944
-72.315556	43.663333
-72.331944	43.606944
-72.382778	43.573056
-72.3975	43.515278
-72.396111	43.461944
-72.4	43.406667
-72.399722	43.353333
-72.403056	43.298056
-72.438611	43.244722
-72.448611	43.191111
-72.453056	43.1375
-72.453333	43.082778
-72.468056	43.0275
-72.493056	42.981667
-72.529722	42.9425
-72.552778	42.887778
-72.552778	42.833889
-72.513889	42.793333
-72.471944	42.7575
-92.290833	46.665278
-92.214167	46.663333
-92.188889	46.718889
-92.140833	46.755278
-119.972222	38.987778
-119.887222	38.929722
-119.802778	38.871111
-119.718056	38.813056
-119.633611	38.754167
-119.549444	38.696111
-119.465278	38.637222
-119.381111	38.578889
-119.2975	38.52
-119.213611	38.461389
-119.13	38.4025
-119.046389	38.343889
-118.963333	38.284722
-118.88	38.226111
-118.796944	38.166667
-118.713889	38.107778
-118.631111	38.048333
-118.548611	37.989722
-118.466111	37.93
-118.383611	37.871111
-118.301389	37.811389
-118.219167	37.752222
-118.137222	37.6925
-118.055278	37.633333
-117.973611	37.573333
-117.891944	37.514167
-117.810556	37.454167
-117.729167	37.394722
-117.647778	37.334444
-117.566944	37.274444
-117.485833	37.214722
-117.405	37.154444
-117.324444	37.094722
-117.243889	37.034444
-117.163333	36.974444
-117.083056	36.914167
-117.002778	36.854167
-116.922778	36.793611
-116.842778	36.733611
-116.763056	36.672778
-116.683333	36.6125
-116.603889	36.551667
-116.524444	36.491667
-116.445278	36.430556
-116.365833	36.370278
-116.286944	36.309167
-116.208056	36.248611
-116.129167	36.1875
-116.050556	36.126944
-115.972222	36.065556
-115.893611	36.005
-115.815556	35.943611
-115.737222	35.882778
-115.659167	35.821389
-115.581389	35.760556
-115.503611	35.698889
-115.425833	35.637778
-115.348333	35.576111
-115.271111	35.515
-115.193889	35.453056
-115.116667	35.391944
-115.039722	35.33
-114.962778	35.268611
-114.885833	35.206667
-114.809167	35.145278
-114.732778	35.083056
-114.656389	35.021667
-114.055833	36.192778
-114.088056	36.148611
-114.111111	36.095833
-114.135	36.043333
-114.192778	36.023056
-114.258889	36.035833
-114.301111	36.071944
-114.322778	36.119167
-114.371944	36.148056
-114.428056	36.127778
-114.489167	36.146389
-114.5575	36.161111
-114.619722	36.146111
-114.678611	36.125278
-114.721667	36.092778
-114.716111	36.039444
-114.740556	35.986111
-114.714167	35.94
-114.683056	35.898333
-114.674722	35.859167
-114.690833	35.803056
-114.689444	35.744167
-114.668611	35.695833
-114.654167	35.645278
-114.653333	35.594444
-114.653056	35.539722
-114.6625	35.489167
-114.635278	35.445833
-114.611111	35.398333
-114.594444	35.3525
-114.588333	35.310833
-114.576111	35.255
-114.570278	35.198333
-114.585	35.141944
-114.635556	35.119722
-114.609722	35.076944
-114.632222	35.029722
-114.623889	34.973333
-114.621944	34.919167
-114.609167	34.868611
-114.566667	34.834722
-114.55	34.801667
-114.504444	34.769444
-114.484444	34.736944
-114.453889	34.694444
-114.431111	34.646944
-114.418611	34.595278
-114.381944	34.556944
-114.371944	34.512222
-114.3575	34.464722
-114.302778	34.441944
-114.260278	34.408611
-114.210556	34.379167
-114.159167	34.350556
-114.126111	34.311111
-114.122778	34.275
-114.169722	34.244444
-114.209722	34.209722
-114.257222	34.181944
-114.305556	34.153611
-114.353889	34.125556
-114.401944	34.098611
-114.417778	34.036944
-114.457222	34
-114.503056	33.969167
-114.514167	33.925
-114.490833	33.880833
-114.513611	33.836389
-114.496111	33.7875
-114.493333	33.734444
-114.511667	33.696111
-114.518611	33.643889
-114.536667	33.590833
-114.5425	33.547222
-114.582222	33.511111
-114.610278	33.462778
-114.641944	33.417778
-114.711111	33.415833
-114.706389	33.380278
-114.718333	33.334167
-114.713056	33.286944
-114.680556	33.251111
-114.668611	33.2025
-114.680278	33.145278
-114.698056	33.091944
-114.666944	33.050556
-114.620556	33.033333
-114.553333	33.035556
-114.500833	33.008611
-114.464444	32.971667
-114.468056	32.915
-114.458056	32.860278
-114.498889	32.825
-114.5275	32.783056
-114.537222	32.729722
-114.606111	32.729722
-114.675278	32.743056
-117.026667	43.809722
-116.9975	43.856111
-116.966944	43.902778
-116.955278	43.961667
-116.931667	44.015833
-116.953611	44.065833
-116.951667	44.105556
-116.909444	44.138611
-116.900556	44.188889
-116.962778	44.213889
-116.978889	44.265
-117.043056	44.251111
-117.0875	44.287222
-117.147778	44.264722
-117.196667	44.299167
-117.195	44.355278
-117.216111	44.406111
-117.204722	44.463056
-117.188056	44.507222
-117.138056	44.54
-117.117778	44.597778
-117.088611	44.648333
-117.057778	44.698056
-117.027778	44.746389
-116.968611	44.772222
-116.919167	44.806389
-116.886111	44.853889
-116.853333	44.900556
-116.836111	44.956111
-116.8425	45.007222
-116.8075	45.053889
-116.772778	45.1
-116.734444	45.142778
-116.703611	45.186944
-116.688889	45.25
-116.661944	45.302778
-116.646944	45.361111
-116.607222	45.404722
-116.572222	45.449167
-116.5425	45.498333
-116.501111	45.539722
-116.461389	45.581389
-116.461389	45.634444
-116.490833	45.680278
-116.515	45.728611
-116.556389	45.768333
-116.633611	45.786389
-116.683333	45.820278
-116.757778	45.831111
-116.791944	45.873889
-116.8375	45.910278
-116.860833	45.961944
-116.890833	46.006667
-116.919722	46.053056
-116.9675	46.088333
-116.936944	46.128611
-116.915833	46.180278
-116.945	46.226111
-116.964167	46.279167
-116.994167	46.325
-117.039444	46.361944
-117.026111	46.413611
-117.029167	46.504167
-116.008611	47.970556
-115.969722	47.928333
-115.929722	47.8875
-115.877778	47.853056
-115.8375	47.813611
-115.812222	47.764167
-115.766944	47.726389
-115.715	47.6925
-115.695833	47.6425
-115.681667	47.593611
-115.734722	47.561389
-115.683611	47.529444
-115.646944	47.489444
-115.682222	47.462778
-115.719722	47.433333
-115.642778	47.413611
-115.580278	47.385278
-115.535278	47.348889
-115.5025	47.304444
-115.416944	47.289444
-115.341389	47.268889
-115.3025	47.227222
-115.261944	47.187778
-115.209722	47.154167
-115.164167	47.116389
-115.126111	47.075556
-115.075	47.041389
-115.049444	46.993056
-114.983333	46.966944
-114.935556	46.931667
-114.921944	46.882778
-114.8975	46.833889
-114.839167	46.803889
-114.770833	46.779444
-114.770556	46.724167
-114.719167	46.733333
-114.656389	46.745833
-114.621667	46.706667
-114.623611	46.6625
-114.549444	46.645
-114.477222	46.647222
-114.411944	46.667778
-114.334722	46.676389
-114.325833	46.620833
-114.341111	46.569444
-114.348611	46.523056
-114.398056	46.494444
-114.372778	46.4475
-114.403333	46.395
-114.413611	46.337222
-114.440556	46.286667
-114.439722	46.241667
-114.435833	46.186111
-114.503333	46.166389
-114.465278	46.125556
-114.465833	46.079167
-114.468056	46.033889
-114.446944	45.992222
-114.404444	45.961944
-114.403611	45.911389
-114.402222	45.871111
-114.471944	45.853889
-114.517222	45.817222
-114.554722	45.773333
-114.52	45.731389
-114.498889	45.690278
-114.520833	45.645
-114.528889	45.605833
-114.531111	45.566667
-114.451389	45.561667
-114.409444	45.523889
-114.3525	45.493333
-114.289722	45.486111
-114.2425	45.523056
-114.182222	45.544444
-114.120278	45.568611
-114.073333	45.602778
-114.031944	45.645
-114.003611	45.679722
-113.953056	45.694444
-113.900278	45.661667
-113.860833	45.6225
-113.791111	45.598889
-113.809444	45.547778
-113.759167	45.513889
-113.757222	45.460556
-113.754444	45.408056
-113.714167	45.368056
-113.715278	45.308611
-113.667778	45.271667
-113.634722	45.230833
-113.586944	45.195
-113.560833	45.148056
-113.513889	45.126111
-113.481944	45.083889
-113.446667	45.040833
-113.432222	44.987778
-113.471944	44.945
-113.456389	44.905
-113.430278	44.858611
-113.3625	44.834167
-113.331389	44.79
-113.268889	44.812778
-113.191667	44.809444
-113.141111	44.776667
-113.101389	44.7375
-113.071667	44.6925
-113.042778	44.647222
-113.068889	44.604167
-113.0325	44.562778
-112.993611	44.525556
-112.995556	44.4775
-112.951389	44.4425
-112.892778	44.413611
-112.844722	44.379722
-112.8075	44.393611
-112.819167	44.44
-112.771389	44.475
-112.710833	44.498333
-112.641389	44.4975
-112.556667	44.494444
-112.485556	44.475278
-112.420556	44.465556
-112.359444	44.470833
-112.336111	44.528611
-112.275278	44.553333
-112.217222	44.566944
-112.1525	44.555278
-112.078889	44.535556
-112.0075	44.5425
-111.943611	44.551389
-111.873056	44.565278
-111.822222	44.5325
-111.755278	44.5375
-111.692778	44.559722
-111.618889	44.559167
-111.543611	44.5675
-111.479167	44.545
-111.486944	44.568611
-111.505278	44.618056
-111.466389	44.656389
-111.464444	44.699722
-111.418333	44.730833
-111.363056	44.758333
-111.301944	44.732778
-111.274167	44.687778
-111.233611	44.648333
-111.213611	44.598611
-111.159722	44.567222
-111.122778	44.526111
-111.063611	44.497778
-103.043333	33.958056
-103.044722	33.888333
-103.046667	33.818611
-103.048611	33.748889
-103.050833	33.679444
-103.051944	33.609444
-103.053889	33.539722
-103.055833	33.47
-103.057222	33.400278
-103.059167	33.330556
-103.061389	33.260833
-103.0625	33.190833
-103.064444	33.121111
-103.066389	33.051389
-102.027222	40.999167
-102.027222	40.927778
-102.027222	40.8575
-102.026667	40.7875
-102.026389	40.717222
-102.026111	40.647222
-102.026667	40.577222
-102.026389	40.507222
-102.026111	40.436944
-102.025556	40.366944
-102.025278	40.296667
-102.025278	40.226667
-102.025	40.156667
-102.024722	40.086389
-102.024167	40.016389
-102.023889	39.946389
-102.023611	39.876111
-102.023333	39.806111
-102.023889	39.736111
-102.023611	39.666111
-102.023333	39.596111
-102.023056	39.525833
-102.022778	39.455833
-102.0225	39.385833
-102.022222	39.315556
-102.021944	39.245556
-102.021389	39.175556
-102.021111	39.105278
-102.021111	39.035278
-102.020833	38.965278
-102.021111	38.895278
-102.021111	38.825278
-102.020833	38.755278
-102.020556	38.685
-102.02	38.615
-102.019722	38.545
-102.019444	38.475
-102.019167	38.404722
-102.019167	38.334722
-102.018889	38.264722
-102.018333	38.194722
-102.018056	38.124444
-102.018889	38.054722
-102.018333	37.984444
-102.018056	37.914444
-102.017778	37.844444
-102.0175	37.774444
-102.017222	37.704167
-102.016944	37.634167
-102.016667	37.564167
-102.016389	37.493889
-102.016111	37.423889
-102.015833	37.353889
-102.015556	37.283611
-102.015278	37.213611
-102.015833	37.143611
-102.015556	37.073611
-102.015278	37.003611
-104.021111	41.053333
-104.021667	41.123056
-104.022222	41.192778
-104.0225	41.262778
-104.022222	41.3325
-104.022778	41.402222
-104.023333	41.472222
-104.023889	41.541944
-104.023333	41.611667
-104.023889	41.681667
-104.024444	41.751389
-104.024722	41.821389
-104.024444	41.891111
-104.025	41.960833
-104.025556	42.030833
-104.025	42.100556
-104.025556	42.170556
-104.026111	42.240278
-104.026667	42.310278
-104.026111	42.38
-104.026667	42.45
-104.027222	42.52
-104.027778	42.59
-104.0275	42.659722
-104.028056	42.729722
-104.028333	42.799722
-104.028889	42.869722
-104.028611	42.939444
-104.029167	43.009444
-104.029444	43.079444
-104.029167	43.149167
-104.029722	43.219167
-104.030278	43.289444
-104.030833	43.359444
-104.030278	43.429167
-104.030833	43.499167
-104.031389	43.569444
-104.031944	43.639444
-104.031389	43.709167
-104.031944	43.779444
-104.0325	43.849444
-104.033056	43.919444
-104.032778	43.989444
-104.033333	44.059722
-104.033889	44.129722
-104.033333	44.199722
-104.033889	44.27
-104.034444	44.34
-104.035	44.410278
-104.034722	44.480278
-104.035	44.550278
-104.035556	44.620556
-104.036111	44.690833
-104.035833	44.760833
-104.036389	44.831111
-104.036944	44.901389
-104.0375	44.971667
-104.004444	45.026111
-104.004722	45.096389
-104.005278	45.166667
-104.005833	45.236944
-104.006389	45.307222
-104.006944	45.3775
-104.0075	45.447778
-104.008056	45.518056
-104.008333	45.588611
-104.008889	45.658889
-104.009444	45.729167
-104.01	45.799722
-104.010556	45.87
-104.011111	45.940556
-104.011667	46.010833
-104.012222	46.081389
-104.012778	46.151944
-104.013056	46.222222
-104.013611	46.292778
-104.014167	46.363333
-104.014722	46.433889
-104.014444	46.504167
-104.015	46.574722
-104.015278	46.645278
-104.015833	46.715833
-104.016389	46.786667
-104.016944	46.857222
-104.0175	46.927778
-104.018056	46.998333
-104.018611	47.069167
-104.019167	47.139722
-104.019722	47.210556
-104.020278	47.281111
-104.020833	47.351944
-104.021389	47.422778
-104.021944	47.493333
-104.0225	47.564167
-104.023056	47.635
-104.023611	47.705833
-104.024167	47.776667
-104.024722	47.8475
-104.025278	47.918333
-104.025833	47.989167
-104.025278	48.06
-104.025833	48.130833
-104.026389	48.201944
-104.026944	48.272778
-104.0275	48.343889
-104.028056	48.414722
-104.028611	48.485833
-104.029167	48.556944
-104.029722	48.628056
-104.030556	48.699167
-104.031111	48.770278
-104.031389	48.841389
-104.032222	48.9125
-104.032778	48.983611
-106.660278	31.977778
-106.633889	31.935
-106.626389	31.881389
-106.602222	31.836389
-106.554444	31.805278
-117.031389	46.525833
-123.186389	46.189444
-123.251111	46.165556
-123.341667	46.161389
-123.405278	46.186111
-123.410833	46.234167
-123.443333	46.280556
-123.524444	46.269722
-123.610556	46.264444
-123.689167	46.279167
-123.760278	46.265278
-123.8375	46.250833
-123.910278	46.263056
-123.961111	46.296667
-124.0075	46.291389
-124.072778	46.275278
-119.013889	45.9825
-119.068611	45.952778
-119.144444	45.939444
-119.237222	45.946111
-119.326944	45.943056
-119.405556	45.9325
-119.479444	45.918333
-119.558333	45.928333
-119.614722	45.899167
-119.662778	45.863056
-119.746667	45.858889
-119.826111	45.848333
-119.9025	45.834722
-119.977222	45.820278
-120.046389	45.801389
-120.118889	45.786111
-120.175833	45.758056
-120.2375	45.733333
-120.314722	45.721111
-120.390278	45.707222
-120.478056	45.71
-120.531667	45.742778
-120.612222	45.755
-120.673611	45.730833
-120.736667	45.708056
-120.806389	45.686944
-120.870556	45.666389
-120.94	45.663611
-121.031944	45.666389
-121.095	45.642778
-121.153056	45.616944
-121.187778	45.660556
-121.236667	45.695556
-121.307778	45.715278
-121.391389	45.708056
-121.468889	45.723889
-121.55	45.728611
-121.633611	45.720278
-121.711389	45.708611
-121.795	45.720278
-121.858889	45.696944
-121.908333	45.6625
-121.966389	45.635556
-122.0375	45.618611
-122.104722	45.598056
-122.176944	45.579722
-122.2525	45.566389
-122.329167	45.581389
-122.406944	45.585
-122.484722	45.600278
-122.559167	45.614722
-122.648056	45.618889
-122.710556	45.644722
-122.751389	45.684444
-122.755	45.748333
-122.769722	45.803611
-122.773611	45.862778
-122.788611	45.92
-122.804167	45.976389
-122.852222	46.011667
-122.871111	46.066667
-122.913056	46.105278
-122.974444	46.132222
-123.041667	46.153889
-123.088889	46.189444
-123.171389	46.194167
-117.039444	46.715278
-117.038889	46.8825
-117.038889	47.048889
-117.039444	47.215556
-117.039444	47.382222
-117.039167	47.549167
-117.038889	47.715278
-117.038611	47.882222
-117.039444	48.048611
-117.039444	48.215278
-117.039167	48.381667
-117.039167	48.548333
-117.038889	48.715278
-117.038889	48.882222
-116.049167	47.993333
-116.048333	48.159722
-116.048611	48.326667
-116.049167	48.493333
-116.048611	48.659722
-116.048889	48.826667
-116.048333	48.993056
-111.051111	41.116111
-111.050278	41.283333
-111.050278	41.449722
-111.050556	41.616389
-111.050833	41.783056
-111.051111	41.949444
-111.050278	42.116111
-111.050556	42.282778
-111.050556	42.449444
-111.050833	42.616389
-111.050278	42.783056
-111.050278	42.95
-111.050833	43.116111
-111.050833	43.283056
-111.050278	43.449167
-111.050556	43.616389
-111.050833	43.782778
-111.05	43.949722
-111.050556	44.116111
-111.050833	44.282778
-111.050278	44.449444
-111.050556	44.616111
-111.050833	44.782778
-111.050278	44.949444
-110.983889	45
-110.817778	44.999722
-110.650278	44.999722
-110.483889	44.999722
-110.3175	44.999444
-110.151111	44.999722
-109.984444	44.999722
-109.816944	44.999444
-109.650278	45
-109.483611	45
-109.317778	45
-109.151111	44.999722
-108.984167	44.999722
-108.817222	44.999722
-108.650278	44.999444
-108.484167	44.999722
-108.317222	44.999722
-108.151111	44.999722
-107.983889	45
-107.817778	44.999444
-107.650556	45
-107.484167	44.999722
-107.317778	45
-107.150278	45
-106.983889	44.999722
-106.817222	45
-106.650833	44.999444
-106.484167	45
-106.3175	44.999722
-106.150556	44.999722
-105.983889	44.999722
-105.818056	44.999444
-105.650833	44.999722
-105.483889	44.999722
-105.317778	44.999444
-105.150833	44.999722
-104.984444	45
-104.817222	44.999722
-104.650833	44.999444
-104.484444	44.999722
-104.318056	44.999722
-104.151667	44.999444
-117.016944	41.999444
-117.017222	42.166389
-117.016667	42.333056
-117.017222	42.499444
-117.016667	42.666111
-117.017222	42.833333
-117.016667	42.999444
-117.017222	43.166667
-117.016667	43.333056
-117.017222	43.499444
-117.016944	43.665833
-111.05	40.999722
-110.883889	41
-110.716667	40.999722
-110.550556	40.999444
-110.384167	40.999722
-110.216944	40.999444
-110.050556	41
-109.884167	40.999444
-109.7175	41
-109.551111	40.999722
-109.383611	41
-109.216944	41
-109.050278	40.999722
-108.933611	40.999444
-108.767778	40.999722
-108.600833	40.999444
-108.433889	40.999722
-108.266944	41
-108.101111	41
-107.934167	40.999444
-107.766944	40.999722
-107.600833	40.999722
-107.433611	41
-107.267222	40.999444
-107.100833	40.999722
-106.934444	41
-106.767222	40.999444
-106.600556	40.999444
-106.433889	40.999444
-106.267222	40.999722
-106.100556	40.999722
-105.933889	40.999722
-105.767778	41
-105.600833	41
-105.433889	41
-105.266944	40.999444
-105.100833	40.999722
-104.933889	40.999722
-104.7675	40.999444
-104.601111	40.999722
-104.433889	40.999444
-104.267222	41
-104.100833	40.999722
-103.934444	40.999722
-103.767778	40.999444
-103.601111	40.999722
-103.434444	40.999722
-103.2675	40.999444
-103.101389	41
-102.934444	41
-102.767222	41
-102.601389	40.999722
-102.434167	40.999722
-102.267778	40.999722
-102.101389	40.999444
-124.150556	42
-123.983889	41.999444
-123.817222	41.999444
-123.650556	41.999722
-123.483611	42
-123.316944	42
-123.150278	41.999722
-122.983611	42
-122.817778	42
-122.650833	41.999722
-122.484167	41.999444
-122.3175	41.999444
-122.150556	42
-121.983889	41.999444
-121.816944	41.999722
-121.651111	41.999444
-121.484167	42
-121.3175	41.999444
-121.150556	42
-120.983611	41.999722
-120.817778	41.999722
-120.650833	41.999722
-120.483889	41.999444
-120.316944	41.999722
-120.151111	41.999722
-119.984167	41.999444
-119.817222	41.999722
-119.651111	41.999722
-119.484167	41.999444
-119.316944	41.999722
-119.150833	41.999722
-118.983889	41.999722
-118.817778	42
-118.650833	41.999444
-118.484444	42
-118.3175	41.999722
-118.151111	41.999722
-117.984167	41.999722
-117.817778	41.999444
-117.650556	41.999444
-117.484444	41.999444
-117.318056	42
-117.150556	41.999444
-116.984444	41.999444
-116.817778	42
-116.650556	41.999444
-116.484167	41.999444
-116.317778	41.999444
-116.151111	41.999722
-115.984444	41.999722
-115.818056	41.999722
-115.651389	42
-115.485	41.999444
-115.317222	42
-115.150556	41.999722
-114.984722	42
-114.818056	41.999722
-114.651389	41.999444
-114.484444	41.999722
-114.317778	41.999722
-114.150833	41.999444
-113.985	41.999722
-113.818056	41.999722
-113.651111	41.999444
-113.485	41.999722
-113.317778	42
-113.150833	41.999722
-112.984722	42
-112.8175	41.999444
-112.651111	42
-112.485	41.999722
-112.317778	41.999722
-112.151389	41.999722
-111.985	41.999444
-111.8175	41.999722
-111.651111	41.999722
-111.484722	41.999444
-111.318056	41.999722
-111.151389	41.999722
-120.000278	39.016111
-120.000556	39.182778
-120.000556	39.349722
-120.000556	39.516389
-120.000833	39.683333
-120.000833	39.849444
-120	40.016389
-120.000278	40.183056
-120.000278	40.349167
-120.000278	40.516111
-120.000556	40.683056
-120.000556	40.849444
-120.000833	41.016389
-120.000833	41.1825
-120	41.349444
-120.000278	41.515833
-120.000278	41.683056
-120.000278	41.849167
-114.0425	36.349722
-114.042222	36.516111
-114.041944	36.683056
-114.041944	36.849444
-114.041667	37.016667
-114.0425	37.183056
-114.042222	37.35
-114.042222	37.516389
-114.041944	37.683333
-114.041667	37.849722
-114.0425	38.016667
-114.042222	38.183056
-114.041944	38.35
-114.041944	38.516111
-114.041667	38.683056
-114.0425	38.849444
-114.042222	39.016389
-114.042222	39.182778
-114.041944	39.349722
-114.0425	39.516111
-114.0425	39.683056
-114.042222	39.849444
-114.042222	40.015833
-114.041944	40.182778
-114.041667	40.349167
-114.0425	40.516389
-114.042222	40.682778
-114.042222	40.849167
-114.041944	41.016389
-114.041667	41.182778
-114.0425	41.349444
-114.0425	41.515833
-114.042222	41.6825
-114.042222	41.849722
-114.041667	41.999722
-109.046389	31.466667
-109.046667	31.633333
-109.046944	31.799722
-109.046389	31.966111
-109.046667	32.132778
-109.046667	32.3
-109.046944	32.466389
-109.046389	32.633056
-109.046667	32.799444
-109.046667	32.966389
-109.046944	33.133333
-109.046389	33.299444
-109.046389	33.466111
-109.046667	33.633056
-109.046667	33.799722
-109.046667	33.966389
-109.046944	34.133056
-109.046111	34.299722
-109.046389	34.466111
-109.046389	34.632778
-109.046667	34.799444
-109.046667	34.966389
-109.046667	35.133056
-109.046944	35.299444
-109.046944	35.466667
-109.046944	35.633056
-109.046389	35.799167
-109.046389	35.966111
-109.046389	36.1325
-109.046389	36.299444
-109.046667	36.465833
-109.046667	36.632778
-109.046667	36.799167
-109.046667	36.966111
-109.046667	37.133056
-109.046667	37.299167
-109.046667	37.466111
-109.046667	37.633056
-109.046944	37.799167
-109.046944	37.966111
-109.046944	38.132778
-109.046944	38.299167
-109.046944	38.465833
-109.046944	38.632778
-109.046944	38.799722
-109.046389	38.965833
-109.046389	39.1325
-109.046389	39.299444
-109.046389	39.465556
-109.046389	39.6325
-109.046389	39.799444
-109.046389	39.965556
-109.046389	40.1325
-109.046667	40.298889
-109.046667	40.465833
-109.046667	40.632778
-109.046667	40.799167
-109.046667	40.966111
-106.550278	31.999722
-106.383333	32
-106.2175	31.999722
-106.050556	31.999444
-105.883611	31.999444
-105.717222	32
-105.551111	31.999722
-105.383889	31.999444
-105.217222	32
-105.050833	31.999722
-104.884444	31.999722
-104.716944	32
-104.551111	31.999444
-104.384167	32
-104.2175	31.999722
-104.050556	32
-103.883889	31.999722
-103.717778	31.999444
-103.550833	31.999444
-103.384167	32
-103.216944	31.999722
-103.065556	32
-103.065833	32.133333
-103.066111	32.3
-103.065556	32.466111
-103.065556	32.633333
-103.065833	32.799444
-103.065833	32.966667
-103.041944	34.1
-103.041944	34.266667
-103.041944	34.433333
-103.041944	34.6
-103.041944	34.766389
-103.041944	34.933056
-103.041944	35.099444
-103.041667	35.266667
-103.041667	35.433056
-103.041667	35.599722
-103.041667	35.766111
-103.041667	35.933056
-103.041667	36.099444
-103.041389	36.266389
-103.041389	36.432778
-102.974722	36.5
-102.808056	36.499444
-102.642222	36.499444
-102.475	36.5
-102.308056	36.5
-102.142222	36.5
-101.975	36.499722
-101.808611	36.5
-101.641389	36.499722
-101.475	36.499444
-101.308333	36.499722
-101.141944	36.499722
-100.975278	36.499444
-100.808611	36.499722
-100.641667	36.499444
-100.475556	36.5
-100.308611	36.499444
-100.141667	36.499444
-100.000278	34.866389
-100.000833	35.033056
-100.001111	35.199444
-100.000278	35.366389
-100.000833	35.533056
-100.000833	35.7
-100.000278	35.866389
-100.000556	36.033333
-100.001111	36.199722
-100.000278	36.366389
-103.000278	36.5
-103.001111	36.666389
-103.000833	36.833333
-103.000833	36.999444
-118.8675	45.999444
-118.700278	45.999444
-118.533889	45.999722
-118.3675	46
-118.201111	46
-118.033611	45.999722
-117.867222	45.999444
-117.700833	45.999444
-117.534167	45.999444
-117.367778	45.999722
-117.201111	46
-117.033611	46
-104.010556	45.941944
-103.851389	45.940556
-103.684167	45.940833
-103.517222	45.940833
-103.350833	45.940833
-103.184444	45.941111
-103.017222	45.940556
-103.9175	42.999722
-103.751111	42.999444
-103.584167	42.999722
-103.417222	43
-103.250556	42.999722
-103.084444	42.999722
-101.984167	39.999722
-101.818056	39.999444
-101.651111	39.999444
-101.485	39.999444
-101.3175	39.999722
-101.151389	40
-100.985	40
-100.818333	39.999722
-100.650833	39.999722
-100.484444	39.999722
-100.318611	39.999444
-100.151667	39.999722
-100.000556	40
-113.917222	36.999722
-113.750833	37
-113.583889	37
-113.4175	36.999722
-113.250278	37
-113.083889	36.999444
-112.9175	37
-112.750278	36.999444
-112.583889	36.999444
-112.417222	37
-112.250833	36.999444
-112.084167	36.999722
-111.9175	36.999444
-111.750833	36.999722
-111.584167	36.999722
-111.417222	36.999444
-111.250556	36.999722
-111.083611	36.999722
-110.917778	36.999444
-110.750556	36.999722
-110.583611	36.999722
-110.4175	36.999722
-110.250556	36.999722
-110.084167	37
-109.917222	36.999722
-109.750833	37
-109.584444	37
-109.417222	36.999722
-109.250556	37
-109.084167	37
-108.9175	36.999722
-108.750833	37
-108.584167	37
-108.4175	36.999722
-108.250833	37
-108.083889	37
-107.917778	37
-107.751111	36.999444
-107.584167	36.999444
-107.417778	37
-107.250833	36.999444
-107.084444	36.999444
-106.917222	37
-106.751111	36.999444
-106.584444	36.999722
-106.417778	37
-106.251389	36.999722
-106.084722	36.999722
-105.918056	36.999444
-105.751389	36.999722
-105.584722	36.999722
-105.417778	36.999444
-105.250833	36.999722
-105.084722	37
-104.917778	36.999722
-104.751389	37
-104.584444	37
-104.418056	36.999722
-104.250556	37
-104.084167	37
-103.917778	37
-103.751111	36.999444
-103.584722	36.999444
-103.417778	37
-103.251111	36.999722
-103.085	36.999722
-102.918333	36.999722
-102.751111	36.999722
-102.585	37
-102.417778	36.999722
-102.251111	37
-102.085278	36.999444
-101.918333	37
-101.751111	36.999722
-101.584444	36.999722
-101.418056	36.999444
-101.251944	37
-101.085	37
-100.918333	37
-100.751111	36.999444
-100.585	36.999722
-100.418056	36.999444
-100.251389	37
-100.085	37
