instance orb01
 
 +++++++++++++++++++++++++++++
 trivial 10x10 instance from Bill Cook (BIC2)
 10 10
 0 72 1 64 2 55 3 31 4 53 5 95 6 11 7 52 8  6 9 84
 0 61 3 27 4 88 2 78 1 49 5 83 8 91 6 74 7 29 9 87
 0 86 3 32 1 35 2 37 5 18 4 48 6 91 7 52 9 60 8 30
 0  8 1 82 4 27 3 99 6 74 5  9 2 33 9 20 7 59 8 98
 1 50 0 94 5 43 3 62 4 55 7 48 2  5 8 36 9 47 6 36
 0 53 6 30 2  7 3 12 1 68 8 87 4 28 9 70 7 45 5  7
 2 29 3 96 0 99 1 14 4 34 7 14 5  7 6 76 8 57 9 76
 2 90 0 19 3 87 4 51 1 84 5 45 9 84 6 58 7 81 8 96
 2 97 1 99 4 93 0 38 7 13 5 96 3 40 9 64 6 32 8 45
 2 44 0 60 8 29 3  5 6 74 1 85 4 34 7 95 9 51 5 47
 +++++++++++++++++++++++++++++
 
 instance orb02
 
 +++++++++++++++++++++++++++++
 doomed 10x10 instance from Monika (MON2)
 10 10
 0 72 1 54 2 33 3 86 4 75 5 16 6 96 7  7 8 99 9 76
 0 16 3 88 4 48 8 52 9 60 6 29 7 18 5 89 2 80 1 76
 0 47 7 11 3 14 2 56 6 16 4 83 1 10 5 61 8 24 9 58
 0 49 1 31 3 17 8 50 5 63 2 35 4 65 7 23 6 50 9 29
 0 55 6  6 1 28 3 96 5 86 2 99 9 14 7 70 8 64 4 24
 4 46 0 23 6 70 8 19 2 54 3 22 9 85 7 87 5 79 1 93
 4 76 3 60 0 76 9 98 2 76 1 50 8 86 7 14 6 27 5 57
 4 93 6 27 9 57 3 87 8 86 2 54 7 24 5 49 0 20 1 47
 2 28 6 11 8 78 7 85 4 63 9 81 3 10 1  9 5 46 0 32
 2 22 9 76 5 89 8 13 6 88 3 10 7 75 4 98 1 78 0 17
 +++++++++++++++++++++++++++++
 
 instance orb03
 
 +++++++++++++++++++++++++++++
 deadlier 10x10 instance from Bruce Gamble (BRG1)
 10 10
 0 96 1 69 2 25 3  5 4 55 5 15 6 88 7 11 8 17 9 82
 0 11 1 48 2 67 3 38 4 18 7 24 6 62 5 92 9 96 8 81
 2 67 1 63 0 93 4 85 3 25 5 72 6 51 7 81 8 58 9 15
 2 30 1 35 0 27 4 82 3 44 7 92 6 25 5 49 9 28 8 77
 1 53 0 83 4 73 3 26 2 77 6 33 5 92 9 99 8 38 7 38
 1 20 0 44 4 81 3 88 2 66 6 70 5 91 9 37 8 55 7 96
 1 21 2 93 4 22 0 56 3 34 6 40 7 53 9 46 5 29 8 63
 1 32 2 63 4 36 0 26 3 17 5 85 7 15 8 55 9 16 6 82
 0 73 2 46 3 89 4 24 1 99 6 92 7  7 9 51 5 19 8 14
 0 52 2 20 3 70 4 98 1 23 5 15 7 81 8 71 9 24 6 81
 +++++++++++++++++++++++++++++
 
 instance orb04
 
 +++++++++++++++++++++++++++++
 deadly 10x10 instance from Bruce Shepherd (BRS1)
 10 10
 0  8 1 10 2 35 3 44 4 15 5 92 6 70 7 89 8 50 9 12
 0 63 8 39 3 80 5 22 2 88 1 39 9 85 6 27 7 74 4 69
 0 52 6 22 1 33 3 68 8 27 2 68 5 25 4 34 7 24 9 84
 0 31 1 85 4 55 8 80 5 58 7 11 6 69 9 56 3 73 2 25
 0 97 5 98 9 87 8 47 7 77 4 90 3 98 2 80 1 39 6 40
 1 97 5 68 0 44 9 67 2 44 8 85 3 78 6 90 7 33 4 81
 0 34 3 76 8 48 7 61 9 11 2 36 4 33 6 98 1  7 5 44
 0 44 9  5 4 85 1 51 5 58 7 79 2 95 6 48 3 86 8 73
 0 24 1 63 9 48 7 77 8 73 6 74 4 63 5 17 2 93 3 84
 0 51 2  5 4 40 9 60 1 46 5 58 8 54 3 72 6 29 7 94
 +++++++++++++++++++++++++++++
 
 instance orb05
 
 +++++++++++++++++++++++++++++
 10x10 instance from George Steiner (GES1)
 10 10
 9 11 8 93 0 48 7 76 6 13 5 71 3 59 2 90 4 10 1 65
 8 52 9 76 0 84 7 73 5 56 4 10 6 26 2 43 3 39 1 49
 9 28 8 44 7 26 6 66 4 68 5 74 3 27 2 14 1  6 0 21
 0 18 1 58 3 62 2 46 6 25 4  6 5 60 7 28 8 80 9 30
 0 78 1 47 7 29 5 16 4 29 6 57 3 78 2 87 8 39 9 73
 9 66 8 51 3 12 7 64 5 67 4 15 6 66 2 26 1 20 0 98
 8 23 9 76 6 45 7 75 5 24 3 18 4 83 2 15 1 88 0 17
 9 56 8 83 7 80 6 16 4 31 5 93 3 30 2 29 1 66 0 28
 9 79 8 69 2 82 4 16 5 62 3 41 6 91 7 35 0 34 1 75
 0  5 1 19 2 20 3 12 4 94 5 60 6 99 7 31 8 96 9 63
 +++++++++++++++++++++++++++++
 
 instance orb06
 
 +++++++++++++++++++++++++++++
 trivial 10X10 instance from Bill Cook (BIC1)
 10 10
 0 99 1 74 2 49 3 67 4 17 5  7 6  9 7 39 8 35 9 49
 0 49 3 67 4 82 2 92 1 62 5 84 8 45 6 30 7 42 9 71
 0 26 3 33 1 82 2 98 5 83 4 16 6 64 7 65 9 36 8 77
 0 41 1 62 4 73 3 94 6 51 5 46 2 55 9 31 7 64 8 46
 1 68 0 26 5 50 3 46 4 25 7 88 2  6 8 13 9 98 6 84
 0 24 6 80 2 91 3 55 1 48 8 99 4 72 9 91 7 84 5 12
 2 16 3 13 0  9 1 58 4 23 7 85 5 36 6 89 8 71 9 41
 2 54 0 41 3 38 4 53 1 11 5 74 9 88 6 46 7 41 8 65
 2 53 1 50 4 40 0 90 7  7 5 80 3 57 9 60 6 91 8 47
 2 45 0 59 8 81 3 99 6 71 1 19 4 75 7 77 9 94 5 95
 +++++++++++++++++++++++++++++
 
 instance orb07
 
 +++++++++++++++++++++++++++++
 doomed 10x10 instance from Monika (MON1)
 10 10
 0 32 1 14 2 15 3 37 4 18 5 43 6 19 7 27 8 28 9 31
 0  8 3 12 4 49 8 24 9 52 6 19 7 23 5 19 2 17 1 32
 0 25 7 19 3 27 2 45 6 21 4 15 1 13 5 16 8 43 9 19
 0 24 1 18 3 41 8 29 5 14 2 17 4 23 7 15 6 18 9 23
 0 27 6 29 1 39 3 21 5 15 2 15 9 25 7 26 8 44 4 20
 4 17 0 15 6 51 8 17 2 46 3 16 9 33 7 25 5 30 1 25
 4 15 3 31 0 25 9 12 2 13 1 51 8 19 7 21 6 12 5 26
 4  8 6 29 9 25 3 15 8 17 2 22 7 32 5 20 0 11 1 28
 2 41 6 10 8 32 7  5 4 21 9 59 3 26 1 10 5 16 0 29
 2 20 9  7 5 44 8 22 6 33 3 25 7 29 4 12 1 14 0  0
 +++++++++++++++++++++++++++++
 
 instance orb08
 
 +++++++++++++++++++++++++++++
 deadlier 10x10 instance from Bruce Gamble (BRG2)
 10 10
 0 55 1 74 2 45 3 23 4 76 5 19 6 18 7 61 8 44 9 11
 0 63 1 43 2 51 3 18 4 42 7 11 6 29 5 52 9 29 8 88
 2 88 1 31 0 47 4 10 3 62 5 60 6 58 7 29 8 52 9 92
 2 16 1 71 0 55 4 55 3  9 7 49 6 83 5 54 9  7 8 57
 1  7 0 41 4 92 3 94 2 46 6 79 5 34 9 38 8  8 7 18
 1 25 0  5 4 89 3 94 2 14 6 94 5 20 9 23 8 44 7 39
 1 24 2 21 4 47 0 40 3 94 6 71 7 89 9 75 5 97 8 15
 1  5 2  7 4 74 0 28 3 72 5 61 7  9 8 53 9 32 6 97
 0 34 2 52 3 37 4  6 1 94 6  6 7 56 9 41 5  5 8 16
 0 77 2 74 3 82 4 10 1 29 5 15 7 51 8 65 9 37 6 21
 +++++++++++++++++++++++++++++
 
 instance orb09
 
 +++++++++++++++++++++++++++++
 deadly 10x10 instance from Bruce Shepherd (BRS2)
 10 10
 0 36 1 96 2 86 3  7 4 20 5  9 6 39 7 79 8 82 9 24
 0 16 8 95 3 67 5 63 2 87 1 24 9 62 6 49 7 92 4 16
 0 65 6 71 1  9 3 67 8 70 2 48 5 49 4 66 7  5 9 96
 0 50 1 31 4  6 8 13 5 98 7 97 6 93 9 30 3 34 2 83
 0 99 5  7 9 55 8 78 7 68 4 81 3 90 2 75 1 66 6 40
 1 42 5 11 0  5 9 39 2 10 8 30 3 39 6 50 7 20 4 51
 0 38 3 68 8 86 7 77 9 32 2 89 4 37 6 53 1 43 5 89
 0 19 9 11 4 37 1 41 5 72 7  7 2 52 6 31 3 68 8 10
 0 83 1 21 9 23 7 87 8 58 6 89 4 74 5 29 2 74 3 23
 0 44 2 57 4 69 9 50 1 65 5 69 8 60 3 58 6 89 7 13
 +++++++++++++++++++++++++++++
 
 instance orb10
 
 +++++++++++++++++++++++++++++
 10x10 instance from George Steiner (GES2)
 10 10
 9 66 8 13 0 93 7 91 6 14 5 70 3 99 2 53 4 86 1 16
 8 34 9 99 0 62 7 65 5 62 4 64 6 21 2 12 3  9 1 75
 9 12 8 26 7 64 6 92 4 67 5 28 3 66 2 83 1 38 0 58
 0 77 1 73 3 82 2 75 6 84 4 19 5 18 7 89 8  8 9 73
 0 34 1 74 7 48 5 44 4 92 6 40 3 60 2 62 8 22 9 67
 9  8 8 85 3 58 7 97 5 92 4 89 6 75 2 77 1 95 0  5
 8 52 9 43 6  5 7 78 5 12 3 62 4 21 2 80 1 60 0 31
 9 81 8 23 7 23 6 75 4 78 5 56 3 51 2 39 1 53 0 96
 9 79 8 55 2 88 4 21 5 83 3 93 6 47 7 10 0 63 1 14
 0 43 1 63 2 83 3 29 4 52 5 98 6 54 7 39 8 33 9 23
 +++++++++++++++++++++++++++++
