instance swv01 

 +++++++++++++++++++++++++++++
 Storer, Wu, and Vaccari hard 20x10 instance (Table 2, instance 1)
 20 10
  3  19  2  27  1  39  4  13  0  25  8  37  9  40  5  54  7  74  6  93
  2  69  0  30  4   1  3   4  1  64  7  71  5   2  9  84  6  31  8   8
  4  79  3  80  0  86  2  55  1  54  8  81  6  72  7  86  5  59  9  75
  2  76  3  15  1  26  0  17  4  30  8  44  7  91  6  83  5  52  9  68
  4  73  3  87  1  74  0  39  2  98  9 100  5  43  8  17  7   7  6  77
  1  63  0  49  2  16  3  55  4   9  9  73  5  61  8  34  6  82  7  46
  0  87  1  71  4  43  3  80  2  39  7  70  8  18  6  41  9  79  5  44
  4  70  2  22  0  73  3  62  1  64  5  25  8  19  6  69  9  41  7  28
  3  16  0  84  1  58  4   7  2   9  5   8  6  10  7  17  8  42  9  65
  3   8  0  10  1   3  4  41  2   3  7  40  8  56  5  53  9  96  6  13
  4  62  1  60  3  64  2  12  0  39  5   2  7  64  6  87  9  21  8  60
  2  66  1  71  3  23  4  75  0  78  7  74  6  35  9  24  8  23  5  50
  1   5  3  92  4   6  0  69  2  80  7  13  5  17  9  89  6  80  8  47
  0  82  3  84  1  24  2  47  4  93  7  85  5  34  6  73  8  28  9  91
  4  55  0  57  3  63  2  24  1  40  7  30  6  37  5  99  8  88  9  41
  1  75  2  47  3  68  0   7  4  78  7  80  6   2  9  23  8  49  5  50
  0  91  4  25  2  10  1  21  3  94  8   6  7  59  5  84  9  75  6  70
  2  85  1  31  0  94  4  94  3  11  5  21  9   7  6  61  8  50  7  93
  1  27  0  77  4  13  2  30  3   2  5  88  7   4  9  39  6  53  8  54
  1  34  2  12  3  31  0  24  4  24  7  16  5   6  9  88  8  81  6  11
 +++++++++++++++++++++++++++++
 
 instance swv02

 +++++++++++++++++++++++++++++
 Storer, Wu, and Vaccari hard 20x10 instance (Table 2, instance 2)
 20 10
  2  16  1  58  0  22  4  24  3  53  8   9  9  57  7  63  5  92  6  43
  3   6  1  48  4  14  0  66  2  24  7   2  9  85  6  73  8  19  5  99
  4 100  2  90  0  63  1  14  3  31  5  27  9  15  8   1  6  51  7  33
  2  98  3  84  4  52  0  12  1  96  9  60  6  74  8  93  5  45  7  49
  4  39  0  54  2  28  3   8  1  30  8  57  6  75  5   9  7  41  9  19
  3  94  0   8  2  89  1  13  4  37  8  36  6  63  9  24  5  71  7  97
  3  90  2  69  1  25  4  15  0  65  7  52  6  56  9  91  8  83  5  86
  3  59  1  99  4  41  0  68  2  14  7   4  9  55  6  48  8  13  5  15
  4  36  2  17  1  51  0  16  3  54  8  45  5  50  7  98  6  68  9  82
  1  75  0  11  4  55  2  93  3  51  6  61  9  40  7  19  8  24  5  55
  4  56  0  73  3  59  2  38  1  51  6  99  8  29  9  53  5   7  7  72
  3  68  4  50  1  88  2  88  0  33  5  47  8  52  6  26  9  74  7  68
  2   3  3  42  0  45  1  57  4  28  5  14  8  22  9  31  6  44  7  38
  3  89  0  73  4  12  1   9  2  49  5  11  8  15  7  41  9  37  6  10
  3  76  2  97  4 100  1  92  0  25  5   8  9  92  7  51  6  58  8  65
  4  50  0  54  3  85  1  47  2  45  6  99  9  39  5  32  8  87  7  56
  0  70  2  58  3  33  1  85  4  25  8   5  7  65  9  20  6  52  5  44
  1  22  3  45  4  60  0  66  2   5  7  61  6  73  9  60  5  14  8  44
  4  64  0  97  2  31  1   4  3  43  9  47  7  93  6 100  5  10  8  51
  3   9  4  87  2  34  0  62  1  56  5  66  8  95  7  56  9  42  6  86
 +++++++++++++++++++++++++++++
 
 instance swv03 

 +++++++++++++++++++++++++++++
 Storer, Wu, and Vaccari hard 20x10 instance (Table 2, instance 3)
 20 10
  2  19  0  30  1  68  4  55  3  24  8  34  7  72  5  32  9  62  6  45
  2  63  1  11  4  65  3  16  0  67  9  95  8  23  7  82  6  52  5  53
  2  19  4  17  1  79  3  49  0  12  7  41  9  67  8  40  6  25  5  42
  0  42  2  71  3  27  4  95  1  19  5  48  8 100  6  31  7  25  9  38
  3   1  1 100  4  68  0  94  2  89  5  86  7  35  9  29  8  56  6  55
  4  93  1  53  2   4  3  48  0  57  8  99  7  67  5  86  6  80  9  60
  4  82  1  95  2  12  0  60  3  80  8  88  7   5  6  81  9  52  5  69
  3  79  1  31  4  63  0  28  2  64  8  63  5  29  7  75  9  18  6  33
  4   9  1  64  2  31  0  13  3  33  9  82  6  79  5  30  7  84  8  20
  2  14  0  56  1  95  4  34  3  13  6  16  5  44  7  45  8  62  9  86
  4  66  3   9  2  66  1  46  0  12  5  10  7  58  6   6  8  62  9  17
  4  89  1  52  2  37  3  74  0   7  8  43  5  96  7  89  6  21  9  66
  1  73  3  68  2   5  4  49  0  67  9  23  7   7  5  44  8  30  6  29
  2  21  0  68  1  88  4  75  3  64  6   6  8  72  7  66  9  66  5  56
  1  24  4  25  2  69  0  27  3  51  9  60  8  26  6  45  5  77  7  93
  2  19  3  17  1  82  4  75  0  34  5  67  9  89  6  91  7  13  8  35
  4   2  0  21  3  83  1  19  2  65  6  65  8   8  9  68  7  60  5   7
  1  63  3  49  2   4  4   2  0  50  9  99  5  27  6  68  8  46  7  89
  0  48  4  45  3 100  2  66  1  30  6  58  7  73  9  94  5  36  8   5
  2  36  0  53  4  56  3  57  1  77  9   7  6  59  8   8  5  15  7  23
 +++++++++++++++++++++++++++++
 
 instance swv04 

 +++++++++++++++++++++++++++++
 Storer, Wu, and Vaccari hard 20x10 instance (Table 2, instance 4)
 20 10
  2  16  0  59  4  10  3  95  1  64  8  92  9  56  7   3  5  73  6  17
  1   5  4  64  3  30  2  14  0  96  9  11  8  73  7  35  6  93  5  12
  3  35  4  75  0  54  1  30  2  83  9  20  8  29  7  38  6  90  5  39
  4  29  3  21  0  52  2  93  1  20  5   5  7  11  8  53  9  56  6  98
  0  17  3  16  4  41  1  78  2 100  5  55  8  27  6   2  7  87  9  55
  3  97  1  32  4  84  2  71  0  38  9  64  7  16  5   5  6  41  8  41
  3  41  1  57  4  37  0  64  2  92  6  19  9  47  7  94  8  79  5  21
  0  23  3  67  1  39  4  98  2  63  8  83  5  45  6  89  9  81  7  44
  1  88  0  59  3  39  2  63  4  91  8  36  5  44  6  45  9  43  7  12
  2  29  1  17  0   6  3  74  4  51  9  14  6   2  5  56  7  49  8  14
  3  75  2  10  4   1  0  35  1  99  7  56  5  95  9  78  6  53  8  82
  0  75  2  96  1  21  3  90  4  55  6  23  7  40  9  76  8  55  5  45
  3  90  4  64  0  72  2  33  1  59  7  51  6  74  5  85  9  76  8  38
  3  57  1  84  2  87  4   2  0  68  8   4  5  77  6  37  7  37  9  94
  1  16  3  46  4  34  2  23  0  77  7  68  8  14  9  54  5  37  6  99
  4  24  1  73  2  92  0  43  3  42  5  81  7  99  8  88  9  80  6   5
  1  56  2  51  0   3  4  87  3  25  5  62  7  11  8  88  6  68  9  29
  2  85  3   3  4  21  0  49  1  79  8  38  5  37  9  72  7  18  6  18
  0   2  3  55  1  31  2  29  4  98  5  92  6  43  8  99  7  67  9  41
  4  69  3  64  0  61  1  13  2  31  5   6  8  84  9  94  7  32  6  54
 +++++++++++++++++++++++++++++
 
 instance swv05 

 +++++++++++++++++++++++++++++
 Storer, Wu, and Vaccari hard 20x10 instance (Table 2, instance 5)
 20 10
  2  19  1  30  3  80  0  84  4  14  8  51  5  73  6  91  7  81  9  71
  2  74  4  79  1  39  0   7  3  66  9   6  5  93  8  76  6  21  7  76
  4  90  3  33  1  38  2  73  0  61  8  61  7  76  5  86  9  28  6  35
  4   1  3  22  2   1  0  77  1  33  6  98  5   4  9  27  8   8  7  68
  2  63  4   5  1  95  0   7  3  50  8  46  9  28  6  70  5  60  7  34
  0  98  1  73  4  15  3  21  2  32  7  24  9   9  8  24  5   7  6  34
  3  51  4  47  2  30  1  16  0  51  5  41  6  79  7  79  9   3  8  72
  4   3  1  59  0  53  3  20  2  19  6  20  9  16  7  90  5  96  8  18
  1  34  2  55  3  97  0  93  4  90  7  81  5  63  8  41  6   1  9  51
  4  77  3  87  1  92  2  83  0  45  7  75  9  60  6  75  5  93  8  33
  0  31  2  66  1  58  4  17  3  94  5  63  7  80  9  61  6  78  8  52
  4  70  1  25  2  75  0  89  3  41  7 100  5  73  6  28  8  94  9  88
  1  67  4  62  3  12  2  55  0  62  5  58  8  66  7  73  6  55  9   1
  4  81  0  37  1   2  3  39  2  17  7  74  6  71  8  61  5  42  9   5
  3  62  0  31  4  63  2  31  1   5  9   7  7  77  8  34  6  34  5   3
  0   5  2  55  3  62  1  82  4  80  6   6  8   7  7  29  5  80  9  89
  3  26  1  50  2  58  0  22  4  68  7  12  6   9  9  34  5  90  8  87
  0  50  2  28  1  64  4  34  3  63  7   9  9  48  6  63  8  61  5   2
  0  47  2  23  1  23  4  82  3  98  7  66  6  78  8 100  9  79  5  32
  1  13  4  14  0  90  2  77  3  80  9  30  7  31  5  36  6  51  8  69
 +++++++++++++++++++++++++++++
 
 instance swv06

 +++++++++++++++++++++++++++++
 Storer, Wu, and Vaccari hard 20x15 instance (Table 2, instance 6)
 20 15
  1  16  6  58  2  22  4  24  5  53  3   9  0  57 10  63  8  92 12  43  7  41 13  26 14  20  9  44 11  93
  2  89  1  94  0  86  3  13  6  54  4  41  5  55  7  98 13  38 14  80  9   1 11 100 12  90 10  63  8  14
  1  26  6  96  3  32  4  75  5   9  0  57  2  39 12  54 14  28 10   8 11  30 13  57  9  75  7   9  8  41
  3  37  2  36  5  63  0  24  6  71  1  97  4  74 14  19 12  45  8  24 11  71 13  53 10  61  9   6  7  32
  3  57  0  55  1  21  5  84  2  23  6  79  4  90 11   8 14  59 10  99  9  41 12  68  8  14 13   4  7  55
  4  10  2  81  1  13  3  78  0  78  5  10  6  48  9  37 11  21  7  88 12  75 14  11 13  55 10  93  8  51
  6 100  2  52  3  54  1  37  5  26  4  74  0  87  8  13 12  88 10  94 14  73  7  55 11  68  9  50 13  88
  4  47  5  70  6   7  2  72  0  62  3  30  1  95 10  18  9  65  7  69 13  89  8  89 14  64 12  81 11  25
  6   1  1  10  0  72  3  59  4  92  5  53  2  89 14  52  7  48  8   8 13  69 10  49  9  26 12  76 11  97
  6  85  2  47  4  45  1  99  0  39  5  32  3  87 10  56  8  98 11  13  7  96 12  71 14  95  9  11 13  78
  0  17  2  21  3  87  6  41  5  41  4  31  1  96  8  17 11  95 13  29 14   3 10  71  7  64  9  97 12  31
  6   9  0  87  4  34  1  62  3  56  5  66  2  95  9  56 14  42  8  86  7  68 12  82 10  82 13  52 11  97
  3  86  1  37  2  49  0   2  6  30  5  63  4   4 14  47  8  84 10   5 13  13  9  39 12  18  7  76 11  63
  0  29  6  34  1  53  3   7  5  19  4  26  2  63 12  22 10  98 13  77 14  11  7  87  9   5 11  44  8  42
  6  44  4  91  1  91  2  58  0  77  3  51  5  14 13   1  9  17  7  55 12  40  8  95 14  31 11  54 10  37
  5  59  4  47  1  56  6  39  2   7  0  43  3  39 13  75 10  43 12  32  9   6 11  93  7  69  8  47 14  93
  4  24  1  30  3  97  6  17  0   7  2  55  5   8  7  70 10  87  8  29 12  20 13  29 11  51  9  14 14  32
  2  29  4  99  3  17  0  96  1  50  5  67  6  91 10  91 13  14 12  14  7  19  8  36 11  11 14  83  9   6
  0   7  6  60  3  31  5  76  1  23  2  83  4  30  8  73 14  76 11  17 10  53 13   9 12  72  7  89  9  24
  3  63  0  89  2   2  1  46  6  86  5  74  4   1  7  34  9  30 12  19 13  48 11  75  8  72 14  47 10  58
 +++++++++++++++++++++++++++++
 
 instance swv07

 +++++++++++++++++++++++++++++
 Storer, Wu, and Vaccari hard 20x15 instance (Table 2, instance 7)
 20 15
  3  92  1  49  2  93  6  48  0   1  4  52  5  57  8  16 12   6 13   6 11  19  9  96  7  27 14  76 10  60
  5   4  3  96  6  52  1  87  2  94  4  83  0   9 11  85 10  47  8  63  9  31 13  26 12  46  7  49 14  48
  1  34  6  34  4  37  2  82  0  25  5  43  3  11  9  71 14  55  7  34 11  77 12  20  8  89 10  23 13  32
  3  49  5  12  6  52  2  76  0  64  1  51  4  84 10  42 12   5  7  45  8  20 11  93 14  48 13  75  9 100
  2  35  1   1  3  15  6  49  5  78  4  80  0  99  9  88  7  24 11  20 10 100  8  28 14  71 13   1 12   7
  3  69  6  24  5  21  4   3  1  28  2   8  0  42 10  33 11  40  9  50  8   8 13   5 12  13  7  42 14  73
  0  83  4  15  2  62  6  27  5   5  1  65  3 100 14  65 10  82  7  89 13  81  9  92  8  38 11  47 12  96
  6  98  4  24  2  75  0  57  1  93  3  74  5  10  7  44 13  59 11  51 12  82 14  65 10   8  8  12  9  24
  4  55  0  44  3  47  5  75  2  81  6  30  1  42 10 100  8  81  7  29 13  31  9  47 11  34 12  77 14  92
  2  18  5  42  0  37  4   1  3  67  6  20  1  91  8  21 14  57 12 100 10 100 11  59 13  77  9  21  7  98
  3  42  1  16  4  19  6  70  2   7  0  74  5   7 12  50  9  74  8  46 14  88 13  71 10  42  7  34 11  60
  6  12  4  45  2   7  0  15  1  22  3  31  5  70 13  88  9  46  8  44 14  45 12  87 11   5  7  99 10  70
  4  51  5  39  0  50  2   9  3  23  6  28  1  49 13   5 12  17 14  40 10  30 11  62  8  65  7  84  9  12
  6  92  0  67  5  85  1  88  3  18  4  13  2  70  7  69 14  10 13  52  8  42 11  82 10  19 12  21  9   5
  4  34  0  60  1  52  5  70  2  51  6   2  3  43 10  75 11  45  8  53 12  96 13   1 14  44  7  66  9  19
  6  31  1  44  0  84  3  16  4  10  2   4  5  48 13  67 14  11 12  21  8  78  7  42 11  44  9  37 10  35
  1  20  4  40  3  37  2  68  6  42  0  11  5   6 10  44 11  43 12  17 14   3  7  77 13 100  9  82  8   5
  5  14  0   5  3  40  1  70  4  63  2  59  6  42  9  74 13  32  7  50 10  21 14  29 12  83 11  64  8  45
  6  70  0  28  3  79  4  25  5  98  2  24  1  54 12  65 13  93 10  74  7  22  9  73 11  75  8  69 14   9
  5 100  2  46  4  69  3  41  1   3  6  18  0  41  8  94 11  97 12  30 14  96  7   7  9  86 13  83 10  90
 +++++++++++++++++++++++++++++
 
 instance swv08

 +++++++++++++++++++++++++++++
 Storer, Wu, and Vaccari hard 20x15 instance (Table 2, instance 8)
 20 15
  3   8  4  73  2  49  5  24  6  81  1  68  0  23 12  69  8  74 10  45 11   4 14  59  9  25  7  70 13  68
  3  34  2  33  5   7  1  69  4  54  6  18  0  38  8  28 12  12 14  50 10  66  7  81  9  81 13  91 11  66
  0   8  6  20  3  52  4  83  5  18  2  82  1  68  7  50 14  54 11   6 10  73 13  48  9  20  8  93 12  99
  2  41  0  72  1  91  4  52  5  30  3   1  6  92 13  52  8  41  9  45 14  43 12  97 10  64 11  71  7  76
  0  48  1  44  5  49  6  92  3  29  2  29  4  88 14  14 10  99  8  22 13  79  9  93 12  69 11  63  7  68
  0  56  6  42  2  42  3  93  1  80  4  54  5  94 12  80 14  69 11  39  8  85 10  95 13  12  9  28  7  64
  0  90  4  75  6   9  1  46  2  91  3  93  5  93 14  77  9  63 11  50 12  82 13  74  8  67  7  72 10  76
  0  55  2  90  6  11  3  60  4  75  1  23  5  74 11  54  7  97 12  32 13  67 10  15 14  48  8 100  9  55
  6  71  5  64  2  40  0  32  3  92  1  59  4  69 13  68 14  34 12  71  8  28  9  94  7  82 10   1 11  58
  6  36  4  46  1  50  5  87  3  33  2  94  0   3 14  60 11  45 13  84  9   1  8  38 10  22 12  39  7  50
  1  53  0  34  5  56  6  97  3  95  4  32  2  28 14  48  7  54 12  98  8  84  9  77 10  46 13  65 11  94
  2   1  5  97  0  77  4  82  6  14  1  18  3  74 14  52 11  14 12  93  9  35  8  34 13  84 10   6  7  81
  1  62  0  86  2  57  6  80  5  37  3  94  4  77  7  72  9  26 11  41 10   7  8  56 13  98 14  67 12  47
  5  45  3  30  0  57  6  68  1  61  2  34  4   2  7  57 13  96  9  10 12  85 14  42 10  93  8  89 11  43
  6  49  4  53  1  51  2   4  0  17  5  21  3  31 10  45 13  45  9  63 11  21  8   4  7  23 14  90 12   1
  6  68  5  18  0  87  3   6  4  13  2   9  1  40  8  83  7  95 12  27 10  94 14  68 11  22 13  28  9  66
  2  80  6  14  0  67  5  15  1  14  3  97  4  23  8  45 10   1 11   5 14  87  7  34 12  12  9  98 13  35
  4  33  2  20  3  74  6  20  5   3  0  90  1  37 13  56 12  38  8   7 14  84  9 100 11  41 10   6  7  97
  6  47  4  63  3   1  0  28  2  99  1  41  5  45 14  60 13   2  7  25  8  59  9  39 10  76 11  89 12   5
  6  67  2  46  3  25  1   2  5  22  4   8  0  22 13  64  7  82 12  99 11  79 10  87  8  71  9  24 14  19
 +++++++++++++++++++++++++++++
 
 instance swv09

 +++++++++++++++++++++++++++++
 Storer, Wu, and Vaccari hard 20x15 instance (Table 2, instance 9)
 20 15
  5   8  3  73  0  69  2  38  6   6  4  62  1  78  9  79  8  59 13  77 11  22 10  80 12  58 14  49  7  48
  3  34  4  29  2  69  0   5  5  63  1  82  6  94 14  17 11  94  9  29 10   5 13  75  7  15  8  61 12  61
  1  52  2  30  0  25  6  17  3  46  4  86  5   3 14  70 11  34  9  23 10  68 13  76  8  53 12  71  7   9
  2  50  4  20  3  24  0  53  1  97  5  79  6  92 14   3 12  52 10  75  9  74  8  59  7  75 13  84 11  99
  2  15  0  61  3  47  4  38  6  49  5  21  1   6 11   8  8  71 14  83 13  24 12  18  9  33  7  70 10 100
  4  48  5  50  2  66  0  92  6   2  3  58  1  23  9  84  8  66 10  12  7  36 14   4 12  88 13  64 11  12
  3  29  0  25  6  44  5  87  2  42  1  44  4  86  8  28 10  86  9  74 14  77 13  59 12  94  7  58 11  16
  4  31  3  58  0  94  5  69  2  44  1  93  6  92  9  80  8  63 12  47 13   3  7  79 11  39 14  80 10  75
  1  69  2  27  0  76  5  19  6  86  3  16  4  31 12  33  9  69 13  19 10  43 14   9 11  37  7  35  8  24
  2  75  3  78  6  41  4  60  5  59  0  42  1  60 12  18  8  31 10  15  7  54 14  60  9  20 11  61 13  69
  4  89  6  20  1  27  5  78  3   2  2  21  0  55 13  79 11  77 10  99  9  70 12  30  7  97  8  41 14  98
  6   1  2  10  4  84  5  72  0  14  1   9  3  51  7  22 14  65 10 100 13  65 11  43  8  10 12  14  9  19
  5  50  2  13  3  49  6  75  1  42  0  81  4  89  9 100 14  54 13  37 10   7 11  38  8  25 12  78  7  79
  2  44  3  77  5  26  1  42  4   9  6  73  0  60  9  61 10  85 12  14 11  92  7 100 14  49  8  46 13  12
  2  72  0  53  1  43  5  65  6  59  4  87  3  13  8  71 12  25  9  71 10  89 11   2  7  76 14  21 13  12
  2  60  6  28  5  33  1  36  0   6  3  96  4  48  9  40 11  79 10  60  8  39 13  34  7  54 12  20 14  52
  5  82  2  12  3  11  4  61  1  21  0  21  6  34 12  86 14  53  8   7  9   4  7  95 10  62 13  54 11  82
  5  72  0  13  3  46  6  97  1  87  4  87  2  11  7  45 14  85 11  66  8  43  9  39 13  34 10  30 12  55
  1  39  5  19  0  19  4  73  6  63  3  30  2  69  9  36  7  13 10  96 12  27 13  59 14  76 11  62  8  14
  1   7  4  14  3  79  2  27  6  43  0  96  5  24 11  30  7  27 12   2  8  69 14  75 13  34 10  79  9  96
 +++++++++++++++++++++++++++++
 
 instance swv10

 +++++++++++++++++++++++++++++
 Storer, Wu, and Vaccari hard 20x15 instance (Table 2, instance 10)
 20 15
  3   8  2  73  1  79  0  95  6  69  4   9  5   5  8  85  9  52 11  43 14  32  7  91 10  24 13  89 12  38
  6  45  1  70  4  84  3  24  5  18  0  20  2  71  8  21  7  60  9  98 10  70 13  52 12  34 11  23 14  52
  6  16  4  68  1  85  0  39  5  40  2  98  3  61 10  77  7  60 11  73  9  66 14  84  8  16 13  43 12  88
  0  72  1  17  3  68  4  89  2  94  6  98  5  56 10  88 13  27  9  60 12  61  8   8  7  88 11  48 14  65
  6  78  2  24  5  28  0  73  4  21  1  69  3  52 14  32  8  83 11  48 10  29 13  48 12  92  9  43  7  82
  4  54  6  31  5  14  3  47  0  82  1  75  2   4  8  31 12  72  7  58  9  45 13  91 14  31 11  61 10  27
  4  88  1  28  5  92  6  62  3  93  0  14  2  65  7  33  9  44  8  31 14  32 11  72 13  47 12  61 10  34
  0  52  1  59  5  98  3   6  2  19  6  53  4  39  8  74 12  48 10  33 13  49 11  92  7  22 14  41  9  37
  0   2  6  85  3  34  2  51  4  97  5  95  1  73 14  61  9  28 12  73  8  21 11  85  7  75 13  42 10   7
  5  94  1  28  0  77  2  56  6  79  4   2  3  82  9  88 10  93 12  44 14   5  8  96  7  34 13  56 11  41
  2  15  5  88  6  18  3  14  1  82  0  58  4  33 13  19 10  42  9  36 14  57 12  85  7   3 11  62  8  36
  3  30  6  33  0  13  4   4  2  74  1  37  5  78 14   2 13  56  9  21 10  61 11  81  7  18  8  59 12  62
  5  40  1  75  6  45  0  41  3  97  2  65  4  92  7  11 12  44  8  40  9 100 11  91 14  66 13  53 10  27
  1  83  2  52  0  84  3  66  5   3  6   5  4  71 13  41 10  42 11  63 12  50 14  43  8   3  9  35  7  18
  4  44  0  26  1  59  6  81  2  84  5  81  3  91 13  41  7  42 11  53  8  63 14  89  9  15 10  64 12  40
  1  46  0  97  5  67  4  97  3  71  6  88  2  69 14  44 12  20 11  52 13  34 10  74  8  79  7  10  9  87
  3  71  6  13  4 100  2  67  1  57  5  24  0  36  7  88 14  79  8  21  9  86 12  60 11  28 10  14 13   3
  0  97  6  24  2  41  4  40  1  51  5  73  3  19  9  27 12  70 13  98 10  11 11  83  7  76  8  60 14  12
  5  88  3  48  1  33  4  96  6  10  0  49  2  52 10  38 13  49  7  31 12  94 14  23  9   7 11   5  8   4
  2  85  0 100  5  51  6  91  1  21  3  83  4  30 12  23  9  48  8  19 11  47 10  95  7  23 14  78 13  22
 +++++++++++++++++++++++++++++
 
 instance swv11

 +++++++++++++++++++++++++++++
 Storer, Wu, and Vaccari hard 50x10 instance (Table 2, instance 11)
 50 10
  0  92  4  47  3  56  2  91  1  49  5  39  9  63  7  12  6   1  8  37
  0  86  2 100  1  75  3  92  4  90  5  11  7  85  8  54  9 100  6  38
  1   4  4  94  3  44  2  40  0  92  8  53  6  40  9   5  5  68  7  27
  4  87  0  48  1  59  2  92  3  35  6  99  7  46  9  27  8  83  5  91
  0  83  1  78  4  76  3  64  2  44  8  12  9  91  6  31  7  98  5  63
  3  49  0  15  1 100  4  18  2  24  6  92  9  65  5  26  7  29  8  24
  0  28  3  53  4  84  2  47  1  85  7 100  5  34  6  35  8  90  9  88
  2  61  4  71  3  54  1  34  0  13  9  47  8   2  6  97  7  27  5  97
  0  85  2  75  1  33  4  72  3  49  7  23  5  12  8  90  6  87  9  42
  2  24  3  20  1  65  4  33  0  75  9  47  6  84  8  44  7  74  5  29
  2  48  3  27  4   1  0  23  1  66  6  35  7  46  9  29  5  63  8  44
  2  79  0   4  4  61  3  46  1  69  7  10  8  88  9  19  6  50  5  34
  0  16  4  31  3  77  2   3  1  25  8  88  7  97  9  49  6  79  5  22
  1  40  0  39  4  15  2  93  3  48  6  63  9  74  8  46  7  91  5  51
  4  48  0  93  2   8  3  50  1   5  6  48  7  46  9  35  5  88  8  97
  3  70  1   8  2  65  0  32  4  84  8   9  6  43  7  10  5  72  9  60
  0  21  2  28  1  26  3  91  4  58  9  90  6  43  8  64  5  39  7  93
  1  50  2  60  0  51  4  90  3  93  7  20  9  33  8  27  6  12  5  89
  1  21  3   3  2  47  4  34  0  53  9  67  8   8  5  68  7   1  6  71
  3  57  4  26  2  36  0  48  1  11  9  44  7  25  5  30  8  92  6  57
  1  20  0  20  4   6  3  74  2  48  9  77  8  15  5  80  7  27  6  10
  3  71  1  40  0  86  2  23  4  29  7  99  8  56  6 100  9  77  5  28
  4  83  0  61  3  27  1  86  2  99  7  31  5  60  8  40  9  84  6  26
  4  68  1  94  3  46  2  60  0  33  7  46  5  86  9  63  6  70  8  89
  4  33  1  13  2  91  3  27  0  38  8  82  7  31  6  23  9  27  5  87
  4  58  3  30  0  24  2  12  1  38  8   2  9  37  5  59  6  37  7  36
  2  62  1  47  4   5  3  39  0  75  7  60  9  65  8  61  6  77  5  31
  4 100  0  21  1  53  3  74  2   3  8  34  6   6  7  91  9  80  5  28
  1   8  0   3  2  88  3  54  4  18  9   4  6  34  5  54  8  59  7  42
  3  33  4  72  0  83  2  17  1  23  6  24  8  60  9  96  7  78  5  70
  4  63  2  36  3  70  0  97  1  99  6  71  9  92  5  41  8  73  7  97
  2  28  1  37  4  24  0  30  3  55  8  38  5   9  9  77  7  17  6  51
  3  15  0  46  2  14  4  18  1  99  9  48  6  41  5  10  7  47  8  80
  4  89  3  78  2  51  1  63  0  29  7  70  9   7  5  14  8  84  6  32
  4  26  1  69  2  92  3  15  0  23  8  42  6  95  5  47  9  83  7  56
  1  38  2  44  3  47  4  23  0  10  9  63  7  65  6  21  5  70  8  56
  3  42  4  85  1  29  0  35  2  66  9  46  8  25  5  90  7  85  6  75
  3  99  0  46  4  74  2  96  1  48  5  52  6  13  7  88  8   4  9  30
  1  15  3  80  4  47  2  25  0   8  9  61  7  70  8  23  6  93  5   5
  0  90  2  51  3  66  4   5  1  86  5  59  6  97  9  28  7  85  8   9
  0  59  1  50  4  40  3  23  2  93  7  61  9  96  8  63  6  34  5  14
  1  62  2  72  4  30  0  21  3  15  5  77  6  13  7   2  8  22  9  22
  2  20  4  14  3  85  1   4  0   2  9  33  7  90  5  48  8  90  6  62
  0  49  3  49  4  46  1  89  2  64  9  72  8   6  5  83  6  13  7  66
  4  74  1  55  2  73  0  25  3  16  7  19  9  38  6  22  5  26  8  63
  3  13  2  96  1   8  0  15  4  97  6  95  7   2  5  66  8  57  9  46
  4  73  1  97  3  39  0  22  2  90  9  64  6  65  8  31  5  98  7  85
  3  43  2  67  0  38  1  77  4  11  7  61  5   7  9  95  8  97  6  69
  0  35  2  68  1   5  3  46  4   4  7  51  6  44  5  58  9  69  8  98
  2  68  1  81  0   2  3   4  4  59  9  53  8  69  5  69  6  14  7  21
 +++++++++++++++++++++++++++++
 
 instance swv12

 +++++++++++++++++++++++++++++
 Storer, Wu, and Vaccari hard 50x10 instance (Table 2, instance 12)
 50 10
  0  92  4  49  1  93  3  48  2   1  7  52  6  57  9  16  5   6  8   6
  4  82  3  25  2  69  1  86  0  54  6  15  5  31  9   5  7   6  8  18
  0  31  1  26  3  46  2  49  4  48  8  74  7  82  5  47  9  93  6  91
  0  34  4  37  1  82  3  25  2  43  6  11  9  71  5  55  7  34  8  77
  4  22  0  91  3  54  2  49  1  97  9   2  7  46  5  98  6  27  8  89
  2  46  3  70  1   3  0  44  4  24  9  65  6  60  5  94  8  58  7  22
  3  53  0  99  1  80  2  74  4  29  6  72  7  54  5  98  8  60  9  69
  3  96  1  87  0  36  2  57  4   7  8  36  9  26  5  94  6  47  7  70
  3   5  2  47  1  59  0  57  4  28  9  24  8  79  6  19  5  44  7  35
  0  96  1   4  3  60  2  43  4  39  7  97  5   2  9  81  6  89  8  91
  2  23  4  74  3  98  0  24  1  75  9  57  8  93  6  74  5  10  7  44
  3  36  4   5  2  36  0  49  1  90  8  62  5  74  9   4  6  85  7  53
  2  44  1  47  3  75  4  81  0  30  7  42  8 100  9  81  6  29  5  31
  1   2  0  18  3  88  2  27  4   5  5  36  7  30  6  51  8  51  9  31
  1  21  0  57  3 100  2 100  4  59  8  77  7  21  5  98  6  38  9  84
  4  97  2  72  1  70  3  99  0  42  6  94  5  59  9  90  8  78  7  13
  3  16  2  19  1  70  0   7  4  74  6   7  5  50  9  74  8  46  7  88
  3  45  4  91  2  28  0  52  1  12  5  45  6   7  7  15  9  22  8  31
  3  56  2   3  1   8  4  25  0  90  8  99  6  22  9  65  7  51  5  31
  0  23  3  28  1  49  2   5  4  17  7  40  9  30  5  62  8  65  6  84
  2  88  0  86  4   8  1  41  3  12  6  67  9  77  5  94  7  80  8  11
  4  81  3  42  0  19  2 100  1  10  5  23  9  71  8  18  6  93  7  36
  4  74  2  73  3  63  1   9  0  51  8  39  7   7  6  96  5  81  9  22
  1   1  3  44  0  66  4  19  2  65  7  10  6  23  8  26  9  76  5  77
  1  54  2  18  4  99  0  79  3  22  5   2  6  42  8  54  7  90  9  28
  3  16  4   1  1  28  0  54  2  97  5  71  6  53  8  32  7  26  9  28
  0  82  3   5  2  18  4  71  1  50  5  41  7  62  9  89  6  93  8  54
  2  63  3  59  0  42  1  74  4  32  5  50  6  21  7  29  8  83  9  64
  4  29  2  76  1   6  3  44  0   4  9  81  5  29  7  95  8  66  6  89
  3  55  4  84  1  36  0  42  2  64  5  81  8  85  6  76  7   4  9  16
  4 100  0  46  1  69  3  41  2   3  6  18  5  41  7  94  8  97  9  30
  3  34  4  35  2  18  1  58  0  98  9  78  8  17  5  53  6  85  7  86
  4  68  2  89  1  99  0   3  3  92  5  10  6  52  7  30  8  66  9  69
  0  21  3  65  4  19  2  14  1  76  9  84  6  45  5  24  8  54  7  73
  4  47  0  68  2  87  3  92  1  96  6  29  5  90  8  29  7  39  9 100
  2  35  0  60  4  61  1  61  3  72  9  57  8  94  5  77  7   1  6  53
  3  85  2  38  0  79  4  43  1  71  6  44  5  87  8  61  7  51  9  37
  1 100  2  33  3  94  0  59  4  25  5  88  9  50  6  19  8   4  7  66
  2   8  0  85  1  80  4  75  3   1  7  17  9  32  6  60  5  30  8  57
  4  25  2  98  1  94  3  49  0  34  9  37  7  80  6  50  8  25  5  72
  3  51  4  49  1  53  2   7  0  73  6  96  7  19  9  41  5  55  8  42
  0  57  1  86  2   1  4  61  3  66  6  28  5  56  7  68  8  21  9  65
  2  98  1 100  0  47  4  28  3   4  7  34  9  55  5  32  6  72  8  66
  4   2  0  74  2  20  1  39  3  63  5  88  9   3  7  22  6   8  8  73
  2  44  0   1  3  52  1  43  4   4  6  36  9  75  8  58  5  61  7  38
  2  21  4   6  3  32  1  74  0  57  5  72  8  10  9  34  6  91  7  94
  4  26  0  59  3  53  1  45  2  23  5  55  8  12  7  34  6  98  9  43
  2   4  1  53  4  57  3  95  0   6  6  30  8   1  7  92  9  20  5  86
  1  98  2  77  3  65  4  51  0  85  7  23  6  79  5  30  8  41  9  17
  4  58  2  43  3  14  0  74  1  64  7  37  8  78  6  33  9  42  5  80
 +++++++++++++++++++++++++++++
 
 instance swv13

 +++++++++++++++++++++++++++++
 Storer, Wu, and Vaccari hard 50x10 instance (Table 2, instance 13)
 50 10
  4  68  1  39  2  79  0  72  3  65  5  82  7  33  6  82  8  66  9  55
  2  14  3  45  0  18  4  72  1  27  7  57  6  90  8  19  9  19  5  50
  4  25  1  77  0  64  3  18  2  19  8  27  6  97  9  81  7  65  5  11
  3  70  0  29  2  31  1  39  4  62  8  12  9   2  5  91  7  98  6  91
  2  90  4  51  3  38  1  27  0  29  6  67  8  95  9  60  7  86  5  64
  4  90  0  55  3  69  1  76  2  97  7  94  5  57  8  65  9  80  6  24
  1  23  4  13  0  90  3  24  2  41  8  69  7   8  5  81  6  94  9  76
  3  19  1  37  0  16  4   4  2  68  6  45  8  79  9   4  7  30  5  33
  2  36  0  76  3  97  4  71  1  19  9  87  6  97  8  64  5  84  7  43
  2  20  1  77  0  71  3  73  4  47  7  88  5 100  9  16  8  69  6  77
  3  55  4  96  0   8  2  61  1  40  8  46  7  29  9  71  5  89  6  59
  2  21  0  18  3  37  4  97  1  59  7  79  6   2  5  80  8  85  9  59
  4  19  1  83  2   1  0  95  3  48  9  37  7  59  5  56  8  57  6  81
  0   8  1  60  4  91  3  85  2  27  9  39  5  31  6  62  7  94  8  12
  4   2  3  10  0  17  1  38  2  96  6  21  9  81  8  64  5  76  7  46
  2  46  1   4  4  25  3  41  0  11  5  96  9  56  6  10  7  25  8  32
  0  21  1  77  4  22  2  72  3  53  9  28  7  23  5   2  8  52  6  83
  3   9  4  37  0   2  2  74  1  15  8  26  5  83  6  90  7  51  9  80
  3   6  1   7  0  57  2   4  4  56  7  11  5  57  8  12  6  94  9  29
  1  40  2  93  3  65  4  66  0  96  9   5  7  32  8  85  5  93  6  94
  1  38  2  19  4  22  0  73  3   7  5  63  8  28  6  23  9  11  7  84
  1  96  4  10  0  29  3  59  2  94  5  26  7  22  8  52  6  37  9  50
  1  38  3  31  2  76  0   8  4   8  6  50  5  95  8   5  9  25  7  62
  0  15  2  84  4 100  3  76  1  66  7  56  5  95  8  94  6  56  9  85
  3  73  2  38  1  84  0  42  4  37  5  16  7  24  9  59  6  60  8  23
  3  43  1  79  0  80  2  44  4  65  5  81  7   7  8  93  6  55  9  34
  2   8  4   2  0  12  3  55  1  60  9  91  6   6  5  83  8  31  7  91
  0   8  4  46  3  47  2  57  1  47  9  55  8  74  7  98  6  54  5  51
  2  56  4  90  1  41  0  35  3  62  7   4  5  15  9  89  6  73  8  66
  0   2  4  39  3  44  1  68  2  54  7   7  8  76  9  29  5  90  6  53
  2  34  0  94  3   1  1  23  4  45  8  83  7  84  5  49  6  67  9  49
  4   4  2  70  1  19  0  19  3  92  5  70  7  33  9  50  8  82  6  48
  4  64  2  76  0  70  3  83  1  91  7  98  8  37  5   3  9  75  6  92
  3  96  1  17  0  20  4  13  2  28  7  21  9  65  5  87  6  54  8  98
  0  68  4  40  3  98  2  90  1  38  7  45  8  21  5   9  9   3  6  47
  0  58  4  19  2  16  3  74  1  32  9  32  5  58  6  93  7   1  8  80
  0  32  2  99  1  95  3   2  4   8  9  55  6  32  8  26  5   6  7  68
  3   7  4  45  2  19  0  97  1  56  7  22  9  72  8  98  5  59  6  20
  2  97  4  98  3  43  0  28  1  23  5   3  8  75  9  43  7  58  6  71
  3  31  0  88  2  88  1  82  4  65  5  53  9  15  7  68  6  60  8  99
  4   4  0 100  2  95  1  11  3  28  5  80  7  25  9  87  6  25  8   9
  0  75  3  10  4  59  2  80  1  60  5  75  8  87  6  33  9  10  7  31
  0  54  3   6  4   7  1  72  2  49  7  72  8  64  6  32  9  86  5  69
  4  15  3  19  1  18  0  84  2  96  9  71  8  64  6  38  5  58  7  62
  1  32  4  80  2  83  3  83  0  50  5  81  7  82  9  33  8  10  6  55
  0  65  4  95  3  84  2  64  1  18  9  27  6  70  7  74  5  87  8  68
  1  50  2  49  0  96  3   1  4  89  8  42  5  88  9  91  6  64  7   3
  3  44  0  91  1   5  2 100  4  77  6  20  5  13  7  25  9  71  8  71
  0  86  4  91  1  19  2  69  3  71  5  13  8  87  6  98  9  43  7  13
  4   8  0  60  3  31  2  93  1   8  9   1  7  19  6   8  5  85  8  24
 +++++++++++++++++++++++++++++
 
 instance swv14

 +++++++++++++++++++++++++++++
 Storer, Wu, and Vaccari hard 50x10 instance (Table 2, instance 14)
 50 10
  4  69  0  37  3  64  1   1  2  65  9  34  5  67  8  43  7  72  6  79
  1  11  0   7  3  68  4  43  2  52  6  29  9  71  7  81  8  12  5  36
  4  90  3  29  1   1  2   1  0  14  8  38  5  13  9  21  7  41  6  97
  1  46  0  26  4  83  2  36  3  20  9   4  8  23  7  65  5  56  6  42
  4  46  0  39  2  92  3  53  1  62  9  68  7  65  8  74  6  87  5  46
  4  13  1  44  3  43  2  67  0  75  6   5  9  94  5  95  7  28  8  85
  1   1  2  99  4  36  3  86  0  65  8  32  5  17  7  71  6  15  9  61
  2  18  4  63  3  15  0  59  1  33  7  95  5  63  6  85  8  34  9   3
  4  13  2  25  0  82  3  23  1  26  7  22  9  35  8  16  6  24  5  41
  3   1  1   7  0  21  2  73  4  39  6  32  7  77  5  29  8  89  9  21
  1  53  3  27  4  55  0  16  2  64  5  78  9  32  8  60  7  20  6  20
  1  71  2  54  3  21  0  20  4  23  9  40  5  99  7  61  6  94  8  71
  2  76  4  72  3  91  0  75  1   7  6  53  8  32  7  71  5  63  9  53
  2  12  1   3  4  35  0  64  3  30  5  94  8  67  7  31  6  79  9  14
  4  63  1  28  3  87  0  89  2  52  8   2  9  21  7  92  6  44  5  37
  0  79  1  65  4  35  3  78  2  17  8  90  5  54  9  91  7  57  6  23
  3  20  1  93  4  61  0  76  2  23  5  10  8  34  7  20  9  87  6  77
  0  37  2  17  1  92  4  30  3  59  5  47  8   7  7  45  6  13  9  60
  4  90  3  74  0  46  2  36  1   2  6   9  5  83  8  90  7  88  9  39
  3  83  0  85  2  20  4  88  1  94  6  14  5  16  7  62  9  53  8   9
  0   4  4  16  2  64  1  60  3  79  5  37  6  49  7  67  9  95  8   5
  3  32  0  86  1   5  4  66  2  77  7  15  5  68  9  40  8   1  6   4
  0   2  1  48  4  23  3  25  2  58  9  55  7  14  8  21  6  85  5  27
  1  71  4  92  3  99  2  56  0  81  7  79  6  66  9  42  8  47  5  43
  1  77  4  85  3  72  2  19  0  71  5  34  7   9  9  14  6  62  8  58
  4  38  0   3  2  61  3  98  1  76  5  14  9  56  8  26  7  43  6  44
  1  68  4  54  0  62  2  93  3  22  6  57  7  79  9  19  5  77  8  45
  2  62  1  96  4  56  0  68  3  24  5  41  6  19  7   2  8  73  9  50
  2  86  0  53  3   3  1  89  4  37  7 100  5  59  9  23  6  19  8  35
  3  90  4  94  0  21  2  78  1  85  5  94  6  90  8  28  9  92  7  56
  4  85  2  97  0   8  3  27  1  86  9  26  7   5  8  96  5  68  6  57
  0  58  3   4  4  49  2   1  1  79  8  10  6  44  9  87  5  16  7  13
  3  85  0  24  4  23  1  41  2  59  8  20  6  52  5  58  9  75  7  77
  0  47  1  89  2  68  4  88  3  17  6  48  8  84  9 100  5  92  7  47
  1  30  0   1  3  61  4  20  2  73  8  78  7  41  9  52  5  43  6  74
  0  11  4  58  3  66  2  67  1  18  8  42  7  88  9  49  5  62  6  71
  4   5  2  51  3  67  1  20  0  11  7  37  6  42  8  25  9  57  5   1
  0  58  4  83  2   9  3  68  1  21  6  28  9  77  5  19  7  32  8  66
  3  85  2  58  0  65  1  80  4  50  7  79  5  43  8  29  9   9  6  18
  3  74  2  29  0  11  1  23  4  34  7  84  8  57  5  77  6  83  9  82
  2   6  4  67  0  97  3  66  1  21  8  90  9  46  6  12  5  17  7  96
  4  34  1   5  2  13  0 100  3  12  8  63  7  59  5  75  6  91  9  89
  1  30  2  66  0  33  3  70  4  16  6  80  5  58  8   8  7  86  9  66
  3  55  0  46  2   1  1  77  4  19  7  85  9  32  6  59  5  37  8  69
  2   3  0  16  1  48  4   8  3  51  7  72  6  19  8  58  9  59  5  94
  3  30  4  23  1  92  0  18  2  19  9  32  6  57  5  50  7  64  8  27
  2  18  0  72  4  92  1   6  3  67  8 100  6  32  9  14  5  51  7  55
  4  48  0  87  1  96  2  58  3  83  8  77  5  26  7  77  9  72  6  86
  1  80  4   5  0  50  3  65  2  85  7  88  5  47  6  33  8  50  9  75
  1  78  0  96  4  80  3   5  2  99  9  58  5  38  7  29  8  69  6  44
 +++++++++++++++++++++++++++++
 
 instance swv15

 +++++++++++++++++++++++++++++
 Storer, Wu, and Vaccari hard 50x10 instance (Table 2, instance 15)
 50 10
  2  93  4  40  0   1  3  77  1  77  5  16  9  74  8  11  6  51  7  92
  0  92  4  80  1  76  3  59  2  70  5  86  9  17  6  78  7  30  8  93
  1  44  2  92  3  96  4  77  0  53  9  10  7  49  5  84  8  59  6  14
  1  60  2  19  3  76  0  73  4  85  7  13  8  93  5  68  9  50  6  78
  2  20  0  24  3  41  1   2  4   4  9  44  7  79  8  81  5  16  6  39
  3  41  2  35  1  32  4  18  0  15  8  98  6  29  5  19  7  14  9  26
  1  59  0  45  4  53  3  44  2  98  5  84  6  23  7  45  8  39  9  89
  1  30  4  51  3  25  0  51  2  84  6  60  5  45  7  89  8  25  9  97
  0  47  3  18  2  40  4  62  1  58  5  36  7  93  8  77  9  90  6  15
  3  33  1  68  0  41  4  72  2  20  6  69  7  47  5  22  9  47  8  22
  2  28  1 100  4  20  0  35  3  26  5  24  9  41  6  42  7 100  8  32
  0  65  2  12  4  53  3  93  1  40  8  18  7  23  5  60  6  89  9  53
  0  58  1  60  4  97  3  31  2  50  9  85  5  64  7  38  6  85  8  35
  3  64  0  58  1  49  2  45  4   9  8  49  6  22  5  99  9  15  7   7
  0  10  4  85  3  72  2  37  1  77  5  70  7  45  9   8  6  83  8  57
  4  93  0  87  1  87  2  18  3   4  8  78  5  67  9  20  6  17  7  35
  4  72  0  56  3  57  2  15  1  45  6  41  5  40  9  85  8  32  7  81
  0  36  3  63  4  79  2  32  1   5  6  25  7  86  9  91  5  21  8  35
  2  83  4  29  0   9  1  38  3  73  7  50  9  99  5  18  8  29  6  41
  0 100  3  29  2  60  4  63  1  64  8  71  6  35  5  26  9   9  7  22
  1  81  0  60  3  62  4  48  2  68  7  28  5  69  8  92  6  79  9  10
  0  40  4  80  1  41  2  10  3  68  8  28  9  51  7  33  6  82  5  25
  4  30  2  12  0  35  3  17  1  70  9  29  7  18  8  93  6  94  5  37
  1  36  2  41  3  27  4  36  0  78  7  64  6  88  5  25  9  92  8  66
  2  65  3  27  4  74  0  32  1  40  5  88  8  73  6  92  7  83  9  42
  0  48  1  85  2  92  4  95  3  61  8  72  9  76  5  58  7  11  6  89
  3  84  2  50  0  70  4  24  1  42  9  55  5 100  6  70  7   4  8  68
  0  95  4  41  2  11  3  98  1  85  5  64  6   8  7  26  8   6  9   6
  0  84  2  49  1  17  3  69  4  55  8  75  6  45  9  38  7  59  5  28
  2  48  0  29  4   1  1  64  3  41  5  23  7  64  9  31  6  56  8  12
  2  81  4  25  3  33  0  22  1  50  5  74  9  56  8  33  7  85  6  83
  1  62  4  25  0  21  2  20  3   8  6  36  9   9  5  91  8  90  7  49
  1  43  0  16  2  91  3  96  4  24  5  11  9  91  7  41  8  35  6  66
  1  91  2  20  4  44  0  42  3  87  9  57  6  15  5  38  8  42  7  89
  0  33  3  95  4  68  2  22  1  80  7  53  8  13  9  70  5  22  6  69
  0  15  3  47  1  24  2  31  4  41  8  14  9  28  7  59  5  52  6  39
  2  95  0  42  4   5  1  57  3  67  6  30  9  21  8  70  5   9  7  20
  2  54  0  15  1  20  3  64  4  83  9  40  7   6  5  89  6  91  8  48
  0  22  4  27  1  77  3  25  2  16  8  72  9  61  6  75  7  4   5  19
  3  68  1  82  2  16  0  83  4   2  7  10  8  88  5  41  9  21  6  66
  1  64  0  76  2  85  3  71  4  97  5  97  7   8  6  40  8  70  9  35
  0  94  1  45  2  94  4  84  3  44  8  41  5  30  7  47  6  19  9  22
  2  23  1  10  0  82  3  93  4  90  8  67  7   9  9  18  5  22  6  87
  0  75  2  27  4  97  3   9  1  57  9  14  5  50  7  31  8  62  6  23
  1  42  3  41  2  35  0  75  4  18  9  65  7  38  6  38  8  51  5  56
  4  72  1  63  0  33  2  27  3  41  5  52  7  42  9  10  6  14  8  71
  2  91  1  89  0  44  4  91  3  26  6  49  5  22  8  31  9  69  7   5
  3  42  1  34  0   4  4  34  2  16  6  86  7  25  8  99  5  67  9  25
  4  34  1  93  0  26  3  81  2   9  7  96  8  79  9  68  5  76  6  10
  3  19  1  47  4  13  2  98  0  32  7  12  9  45  6  52  8  49  5  34
 +++++++++++++++++++++++++++++
 
 instance swv16

 +++++++++++++++++++++++++++++
 Storer, Wu, and Vaccari easy 50x10 instance (Table 2, instance 16)
 50 10
  1  55  3  46  5  71  8  29  0  47  2  12  7  57  4  79  6  91  9  30
  2  96  6  94  8  98  0  55  3  10  1  95  5  95  7  37  9  82  4   2
  6  43  3  93  8  30  2  41  0  23  1  60  7  14  4  15  5  42  9  56
  0  45  6  85  2  59  7  76  1  93  9  62  4  33  8  46  5  33  3  35
  2  45  3  36  8  11  6  96  7  96  1   8  0  75  5   6  4  13  9   2
  9  51  7  75  0   4  3  13  5  12  1   4  2  38  6  30  4  42  8  28
  9  58  4  33  6  77  2  11  3  37  8  64  5  94  7  89  1  96  0  93
  6  37  3  67  0  88  9  92  8  19  4  27  7  46  1  58  2  60  5  55
  4  60  2  88  0  23  5  69  8  60  1  32  7   4  6  56  9  25  3  14
  2  98  5  56  1  68  6  63  7  61  3  78  8  45  0  62  4  31  9  70
  7  66  8  80  0  18  3  97  9  47  5  38  1  26  2   8  6  90  4  90
  0  16  7   6  4  53  6  86  5  81  8  49  3  90  2  57  1  34  9  56
  2  69  8  65  5  20  4  15  1  61  3  71  6  71  9  58  0  24  7  71
  4  84  5  20  9  58  0  55  8  98  2  75  7  46  3  81  1  71  6  46
  5   6  6  58  7  90  1  54  9  73  0  92  4  39  3  23  2 100  8  18
  2  32  5  58  6  97  1  49  3  61  0  69  8   2  4   3  9  32  7  46
  0  78  7  14  4  98  3  26  8  25  9  45  6  12  2  98  1  99  5  69
  2  50  1  95  4  82  9  25  0  68  8  83  5  36  7  78  3  35  6  27
  6  29  7  20  8  55  4  14  2  66  5  52  0  75  9  63  1  93  3  64
  1  11  0  18  9  42  4  81  7   2  2  39  3  83  6  11  5  38  8  52
  4  11  8  99  9   2  7  10  3  91  5  83  6  61  0  21  2  69  1   8
  9  11  7  65  1  14  2  85  3   5  8   5  5  11  4  47  6  67  0  41
  9  60  7   9  8  16  2   4  5  34  6   2  4  30  1  32  0  51  3  51
  9  31  2  41  1  13  6  28  5  97  3   8  7  42  4  95  8  46  0  93
  4   1  6  91  8  49  3  75  1  19  7 100  0  58  2  14  5  34  9  82
  3  28  5  68  9  30  7  68  1  10  6  20  8  47  4  51  0  44  2  32
  9  86  3   9  1  80  0  89  5  93  4  12  8  13  7  10  6  18  2   4
  0  22  5  12  8  95  4  24  3  30  1  81  2  21  7  28  9 100  6  27
  1  87  0  68  2  64  3  33  7  59  5  95  6   1  9  14  8  82  4  43
  2  14  6  98  0  86  1  85  8  85  5  12  4  99  7   8  3  21  9   7
  5  47  9  90  0  88  1  52  8  43  4  62  7  33  3  51  6  97  2  22
  2  59  7  26  4  76  0  26  3  71  8  59  1  73  9  70  5  57  6  10
  6  92  2  10  9  45  0  11  1  53  3  35  8  76  4  83  7  55  5  79
  9  96  4   3  3  92  7  67  6  60  8  35  5  70  0  52  2  39  1  94
  4  65  0  17  9  26  7  46  5  81  1  42  2  64  6  46  3  96  8  59
  9   6  3  21  8  46  0  82  2  74  5  56  7  94  6  83  4  63  1  21
  6  89  5  23  8  78  2  33  9   4  7  97  3  60  1  29  0  79  4  93
  0  46  1  46  4  20  7  91  2  76  9  83  3  14  6  61  5  84  8  76
  7  82  8  43  6  76  1  36  0  27  9  93  5  71  4  81  2  45  3  62
  7  51  9  27  5  12  6  52  4  85  8  66  0 100  3  44  2  82  1  36
  3  75  7  13  6  63  1  78  4   1  8  60  2  24  5  10  9  56  0   3
  5  48  4  32  2  82  0   1  1   2  7  35  3  16  9  67  8  74  6  39
  7  24  0   8  8  96  3  59  2  41  4  23  1  37  9   4  5  69  6  27
  1  23  9   3  2  85  6  93  5  18  7  47  0  96  8   6  4  60  3   3
  6  99  2  14  9  16  3  81  8  89  1  53  7  86  4  39  5   3  0  87
  5  67  8  53  0  77  4  69  2  55  3  78  6  95  1  76  7   2  9  71
  1   5  6  89  0  37  3  88  7  20  9   4  4  77  8  27  5  31  2  47
  1  66  2  55  4  15  7  35  3  76  9  91  6  35  5  37  8  54  0  33
  3  79  5   2  6  17  1  65  7  27  8  53  4  52  9  35  0  23  2  59
  9 100  0  55  5  14  2  86  4  69  3  87  8  46  1   3  6  89  7 100
 +++++++++++++++++++++++++++++
 
 instance swv17

 +++++++++++++++++++++++++++++
 Storer, Wu, and Vaccari easy 50x10 instance (Table 2, instance 17)
 50 10
  7   9  2  57  9  62  5  34  6  83  0  33  1  80  4  46  3  21  8  89
  9  82  1  35  8  37  5  26  6  21  3  78  7  64  4  33  2  40  0  21
  7  14  5  49  3  48  9  34  4  52  1  16  2  78  0  24  8  58  6  43
  2  94  3  86  8  41  5  27  7  29  6  53  9   5  0  36  4  98  1  37
  7  55  1  87  8  51  5  29  9  93  3  51  0  54  6  85  2  20  4  29
  2  88  1  98  3  67  8  41  6  23  9  70  7  26  4  28  5  17  0  87
  2  78  0  18  4  43  3  86  9  78  6  43  7  62  8  42  1  44  5   9
  9  37  4  89  3  26  6  59  0  89  5  90  1  91  8  28  7  37  2  51
  3  82  2  31  1  98  5  25  0  16  7  23  9  92  4  89  6  32  8  12
  6  66  1  58  5  14  3  42  0  62  8  66  4  46  7  88  2  89  9  97
  8  94  9  11  6   3  1  86  2   4  5  19  7  93  4  43  0  78  3  11
  5  22  1  87  9  61  2   2  3  15  6  37  7  81  0  17  8  31  4  73
  6  28  0  86  3  54  2  68  4  63  1  33  8  22  5  35  9  84  7  15
  6  18  1   2  2  23  8  49  7  82  9   8  4  73  5  31  3  20  0   1
  7  49  5   8  2  36  8  31  6  47  3  90  0   7  9   6  1  44  4  51
  4  43  1  95  0  18  9  99  7  98  3  26  8  99  5  90  2  24  6  91
  1  49  6  69  3  73  9  52  0  10  7  41  8  42  5  96  4  85  2  76
  0   5  1  69  3  38  7  3

 instance swv18

 +++++++++++++++++++++++++++++
 Storer, Wu, and Vaccari easy 50x10 instance (Table 2, instance 18)
 50 10
  7  35  6  23  2  92  4   5  5  40  1  90  3  30  9  35  8   8  0  86
  2  60  3  97  8  21  9  70  7  82  0  12  4   3  5  45  1  75  6  69
  7  96  2  38  0  61  1  55  4  31  5  48  9  79  3   4  6  12  8  29
  4  83  7  82  8  97  1  43  0  95  6  92  2  18  3  29  5   4  9  67
  3  46  9  80  8  66  2  38  4  95  1  40  7  89  0  32  6  64  5   1
  6  57  4  80  8  68  7  27  0  90  5  45  3  98  9  59  1   6  2  94
  5  50  0  91  2  97  9  63  7  52  3  48  4   4  8  96  1  18  6 100
  7  23  6  43  3  25  8  83  2  76  9  41  1  88  0  31  5  44  4  13
  2  20  3  90  9  20  4  42  8  72  5  46  1  27  0  81  6  40  7  34
  7  80  5  97  0  42  2  49  9  10  1  10  3  71  4  71  6  14  8  98
  2  79  3  29  0  96  7  66  1  58  8  31  4  47  5  76  6  59  9  88
  8  93  6   3  1   7  3  27  5  66  7  23  0  60  4  97  2  66  9  55
  9  12  8  39  4  77  5  79  0  26  7  58  2  98  6  38  3  31  1  28
  6   8  9  48  4   4  1  87  3  38  2  28  8  10  0  19  7  82  5  83
  5   6  9  13  2  86  6  19  3  26  7  79  0  55  1  85  8  33  4  30
  3  37  8  26  7  29  6  74  9  43  5  17  0  45  2  28  1  58  4  15
  7  15  3  37  6  21  5  47  2  90  0  37  9  33  1  42  4   7  8  62
  8  49  4  46  1  28  7  18  6  41  2  57  0  75  3  21  9   3  5  32
  6  98  1  30  8  24  4  91  9  73  7  25  5  49  0  40  2   9  3   4
  6  33  3  94  1  21  2  90  9  86  7  85  5  29  0  17  4  94  8  90
  6   3  4  85  1  66  7  61  8  57  3  84  2   5  9  40  0  54  5  70
  7  81  1  98  2  45  0  18  6  65  9   1  4  98  3  30  8  84  5  82
  6  40  7  77  3  72  1  97  5  39  4  21  0  59  8  42  9  90  2  26
  5  57  3  63  1  14  4  64  6  23  8  78  2  54  0  51  9 100  7  96
  5  61  1  55  6  73  2  87  4  35  3  41  7  96  0  32  8  91  9  60
  9  19  5  90  8  91  0  45  3  66  2  84  1  61  7   3  6  84  4 100
  2  33  9  72  6  27  8  14  3  59  0  39  7  20  5  29  4  54  1  88
  4  45  0  18  3  73  2  26  8  55  6  22  7  27  1  46  9  43  5  77
  2  57  9  16  1  71  8  25  7  50  3  41  6  58  5  71  4   9  0  32
  8  48  9  32  0  42  3  73  1  56  7  53  6   3  5  66  4  15  2  44
  6  69  7  14  1   2  8  40  4  70  9  90  3  38  2  31  5  55  0  50
  9 100  8  14  0  55  2   5  5  12  4  79  1  68  3  83  6  89  7  78
  4  26  5  44  8  39  1  84  7  64  9  98  3  38  2   2  6  27  0  18
  3  98  2  10  9  99  8  50  0  20  6  12  4   7  1  57  7  87  5  89
  0  64  8  63  7  98  5  31  1  30  6  62  3  11  4  89  9  31  2  34
  3  26  6  43  4  69  7  27  8  92  2  51  1  10  5  29  9  21  0  37
  8  21  5  98  0  64  6  38  2  23  1  13  7  89  9  89  4  21  3  27
  4  39  7  32  1  67  0  33  5  16  2  43  6  62  3  42  9  70  8  90
  7  73  9  45  3  37  0  45  2  61  6  25  5  15  4   5  8  58  1  98
  7  94  0  17  6  15  5  81  9  64  3  62  1   2  8  16  2  35  4  40
  5  32  6  37  9  11  0  25  1  37  8  21  2  76  7  52  4  56  3  87
  3  23  2  40  1   6  7  31  6  25  9  98  8  29  4   4  5  25  0  33
  8  96  9  30  1  95  3   2  6   3  2  22  0  62  4  30  7   1  5  99
  9  54  5   3  0  78  2  43  6  90  7  88  4   1  8  97  1  30  3  96
  5  29  6  60  3  80  1  94  2  67  0  42  8  17  9  27  7  75  4  86
  1  17  5  62  2  25  7  80  6  62  9  19  8  81  3  73  0  57  4  90
  9  31  3  54  5  28  1  19  4   4  2  34  8  64  6  46  7  60  0  27
  9  95  7   1  2  43  3   6  4   7  8  66  1  45  5  13  0  80  6   1
  3  20  7  82  0  87  1  65  6  64  8  61  2  21  5  32  9  16  4  37
  0  49  3  54  2  31  8  69  1  21  5   2  6  73  9  35  4  66  7  82
 +++++++++++++++++++++++++++++
 
 instance swv19

 +++++++++++++++++++++++++++++
 Storer, Wu, and Vaccari easy 50x10 instance (Table 2, instance 19)
 50 10
  7  74  1  27  5  66  3  89  6  58  0  11  8  77  9  17  2  70  4  97
  5  10  0  11  2  38  3  60  1  50  7  35  6  94  9  52  4   2  8  20
  7  17  0  65  6  93  8  62  9  91  5   2  1  51  2   4  3  19  4  10
  4  87  3   3  9  81  0  17  6  44  2  82  7  16  5  13  8 100  1  85
  9  18  6  33  7  35  0  78  2  68  3  68  8   3  5   2  4  53  1  25
  2  36  8  41  6  60  9  43  0  66  5  34  3  24  7  11  1   5  4  55
  9  52  4  99  6  62  0  50  1  24  8  73  7  19  3  23  2  15  5   2
  4  85  9  21  3  27  7  53  0  86  1  36  6  35  5  99  8  30  2  43
  6  43  5  31  9  99  2  12  0   6  7  79  3  81  1  18  8  73  4  55
  4  90  6 100  1  15  0  40  7  96  9  25  5  43  8  23  2  31  3   7
  5  61  4  88  6  10  3  48  0 100  2  62  1  83  8  20  7  42  9  19
  9  35  7  41  6  16  3  58  0  86  2  69  5  58  1  93  4  47  8  77
  2  61  0  40  4  99  1  51  7  46  6  39  3  43  9  37  8  88  5   9
  4  15  8  38  2  84  5  98  6  17  1  91  7  91  9  23  3  48  0  98
  3  26  2  42  8  55  4  24  0  43  1  83  9  27  7  38  6  37  5  58
  5  21  8  78  6  97  0  77  9  82  4  26  3  22  1  90  7  57  2  31
  4   3  9  44  3  90  1  64  5  52  8  35  7  18  2  45  0   4  6  14
  8  60  6  59  3  67  2  85  0  43  7  93  5  44  4  22  1  68  9  38
  4  77  8  41  2  74  6  99  0 100  1  45  9  14  3  26  7  98  5  77
  8  38  9  57  7  42  5  64  1  80  6  81  4  70  3  13  2  41  0  65
  9  36  4  22  8  39  0  76  1  78  2  27  5  55  3  10  6   5  7  71
  7  70  9  81  1  60  5  85  3  63  6  97  2  61  8  44  0   5  4  35
  9  38  0  94  2  46  5  20  8  87  1  41  4  41  3  40  7  99  6  48
  7  30  6   9  5  13  2  79  8  81  0  25  9  93  4  85  3  78  1  76
  4   6  8  58  6  51  7  48  2  68  3  34  5  78  9  59  1  98  0  36
  4  90  6  56  7  97  9  37  0  38  1  47  2  56  3   8  5  37  8   7
  0  66  8  15  1  39  5  89  7   3  9  54  3  24  2  14  6  99  4  73
  3  12  9  37  4  79  8  95  0  50  1  74  6   1  5  55  7  98  2  49
  8  99  9  79  3  99  2  