0.010865	0.004775501		0	0	0
0.010860958	0.004767741		-0.010864415	0.010864415	0.00477493
0.010856917	0.004759994		-0.006193751	0.006193751	0.000879624
0.010852875	0.004752259		-0.009281108	0.009281108	0.002589927
0.010848833	0.004744535		-0.003345825	0.003345825	0.000257586
0.010844791	0.004736826		-0.009592641	0.009592641	0.002947019
0.010840749	0.004729127		-0.006768704	0.006768704	0.001061798
0.010836707	0.004721441		-0.006934101	0.006934101	0.001117409
0.010832666	0.004713768		-0.010319824	0.010319824	0.003854366
0.010828624	0.004706106		-0.010779612	0.010779612	0.004628704
0.010824582	0.004698457		-0.010571104	0.010571104	0.004256345
0.010820541	0.004690822		-0.009700913	0.009700913	0.003051894
0.010816498	0.004683197		-0.009060955	0.009060955	0.002455713
0.010812457	0.004675586		-0.009042594	0.009042594	0.002337315
0.010808415	0.004667986		-0.007967315	0.007967315	0.001530743
0.010804373	0.004660398		-0.010248818	0.010248818	0.003759394
0.010800332	0.004652824		-0.002089371	0.002089371	0.000102317
0.01079629	0.004645261		-0.009209258	0.009209258	0.002499529
0.010792248	0.00463771		-0.010042268	0.010042268	0.003457337
0.010788207	0.004630174		-0.006397588	0.006397588	0.000938087
0.010784164	0.004622648		-0.003064824	0.003064824	0.00021431
0.010780122	0.004615134		-0.003918914	0.003918914	0.000356184
0.010776081	0.004607634		-0.010510935	0.010510935	0.004160772
0.010772039	0.004600145		-0.009823071	0.009823071	0.003189791
0.010767997	0.004592668		-0.008217443	0.008217443	0.001702108
0.010763956	0.004585205		-0.004206399	0.004206399	0.000417586
0.010759914	0.004577753		-0.008956146	0.008956146	0.002267751
0.010755872	0.004570313		-0.009890073	0.009890073	0.003274296
0.01075183	0.004562887		-0.005026863	0.005026863	0.000594484
0.010747788	0.004555472		-0.005186608	0.005186608	0.000627079
0.010743746	0.004548069		-0.00765816	0.00765816	0.001416645
0.010739705	0.00454068		-0.004882893	0.004882893	0.000544957
0.010735663	0.004533302		-0.000781807	0.000781807	2.47E-05
0.010731622	0.004525938		-0.008878992	0.008878992	0.002191424
0.01072758	0.004518585		-0.010109091	0.010109091	0.003562587
0.010723537	0.004511243		-0.006629595	0.006629595	0.001005346
0.010719496	0.004503916		-0.009383385	0.009383385	0.002698838
0.010715454	0.0044966		-0.009540707	0.009540707	0.002857904
0.010711412	0.004489295		-0.010379661	0.010379661	0.003945871
0.010707371	0.004482005		-0.00252489	0.00252489	0.000154273
0.010703329	0.004474726		-0.008303101	0.008303101	0.00178033
0.010699287	0.004467458		-0.006009332	0.006009332	0.000831615
0.010695245	0.004460205		-0.001156624	0.001156624	3.13E-05
0.010691203	0.004452963		-0.009756753	0.009756753	0.003112127
0.010687161	0.004445732		-0.00854871	0.00854871	0.001920141
0.01068312	0.004438516		-0.010434405	0.010434405	0.004092916
0.010679078	0.00443131		-0.007484324	0.007484324	0.001315914
0.010675036	0.004424117		-0.007088328	0.007088328	0.001166151
0.010670995	0.004416938		-0.004024969	0.004024969	0.00038896
0.010666953	0.004409769		-0.003653888	0.003653888	0.000324843
0.01066291	0.004402613		-0.01020036	0.01020036	0.003674385
0.010658869	0.004395471		-0.010845015	0.010845015	0.00475544
0.010654827	0.004388339		-0.005678935	0.005678935	0.000735296
0.010650786	0.004381222		-0.005331801	0.005331801	0.000675789
0.010646744	0.004374115		-0.007187774	0.007187774	0.001193855
0.010642702	0.00436702		-0.010609989	0.010609989	0.004355169
0.010638661	0.004359939		-0.004726589	0.004726589	0.000513959
0.010634618	0.004352869		-0.009481587	0.009481587	0.002793846
0.010630576	0.004345812		-0.008020188	0.008020188	0.001652686
0.010626535	0.004338768		-0.007543449	0.007543449	0.001365448
0.010622493	0.004331735		-0.008802728	0.008802728	0.002124812
0.010618451	0.004324714		-0.00579366	0.00579366	0.00077851
0.01061441	0.004317708		-0.010426683	0.010426683	0.004008506
0.010610368	0.004310712		-0.004363175	0.004363175	0.000459617
0.010606326	0.004303728		-0.002708368	0.002708368	0.000176405
0.010602284	0.004296758		-0.006482298	0.006482298	0.000983149
0.010598242	0.004289799		-0.008443351	0.008443351	0.001877264
0.0105942	0.004282853		-0.010714514	0.010714514	0.004505634
0.010590159	0.00427592		-0.003523062	0.003523062	0.000284763
0.010586117	0.004268998		-0.007805158	0.007805158	0.001465622
0.010582075	0.004262088		-0.008704681	0.008704681	0.002091296
0.010578034	0.004255192		-0.008376012	0.008376012	0.001829818
0.010573992	0.004248307		-0.008630508	0.008630508	0.001984407
0.01056995	0.004241436		-0.00459907	0.00459907	0.000489868
0.010565908	0.004234576		-0.009947729	0.009947729	0.003351463
0.010561866	0.004227728		-0.010131133	0.010131133	0.003626291
0.010557825	0.004220894		-0.010740818	0.010740818	0.004561845
0.010553783	0.00421407		-0.001786481	0.001786481	0.000100009
0.010549741	0.004207259		-0.00588744	0.00588744	0.00081838
0.0105457	0.004200462		-0.009987795	0.009987795	0.003385542
0.010541657	0.004193676		-0.002263647	0.002263647	0.000121893
0.010537615	0.004186902		-0.002321683	0.002321683	0.000147461
0.010533574	0.004180142		-0.007339928	0.007339928	0.001266508
0.010529532	0.004173392		-0.005479108	0.005479108	0.000734698
0.01052549	0.004166655		-0.00729823	0.00729823	0.001254472
0.010521449	0.004159932		-0.008653857	0.008653857	0.002029678
0.010517407	0.00415322		-0.009415403	0.009415403	0.002733636
0.010513365	0.00414652		-0.007818038	0.007818038	0.001508985
0.010509323	0.004139833		-0.008064944	0.008064944	0.00166553
0.010505281	0.004133158		-0.004474078	0.004474078	0.000470326
0.010501239	0.004126495		-0.00282174	0.00282174	0.000193473
0.010497198	0.004119846		-0.010660886	0.010660886	0.004431595
0.010493156	0.004113207		-0.001251374	0.001251374	4.90E-05
0.010489115	0.004106583		-0.002942687	0.002942687	0.000206268
0.010485073	0.004099969		-0.005463321	0.005463321	0.000687055
0.01048103	0.004093367		-0.000500425	0.000500425	9.26E-06
0.010476989	0.00408678		-0.001626691	0.001626691	7.18E-05
0.010472947	0.004080203		-0.000412204	0.000412204	6.87E-06
0.010468905	0.004073639		-0.00027032	0.00027032	2.80E-06
0.010464864	0.004067088		-0.010651835	0.010651835	0.004400931
0.010460822	0.004060548				
0.01045678	0.004054021				
0.010452739	0.004047507				
0.010448696	0.004041004				
0.010444654	0.004034514				
0.010440613	0.004028038				
0.010436571	0.004021572				
0.010432529	0.004015118				
0.010428488	0.004008678				
0.010424446	0.004002249				
0.010420403	0.003995833				
0.010416362	0.00398943				
0.01041232	0.003983039				
0.010408278	0.003976659				
0.010404237	0.003970293				
0.010400195	0.003963938				
0.010396154	0.003957597				
0.010392112	0.003951267				
0.010388069	0.003944949				
0.010384028	0.003938645				
0.010379986	0.003932352				
0.010375944	0.003926071				
0.010371903	0.003919804				
0.010367861	0.003913548				
0.010363819	0.003907304				
0.010359778	0.003901074				
0.010355735	0.003894855				
0.010351693	0.003888648				
0.010347652	0.003882454				
0.01034361	0.003876273				
0.010339568	0.003870103				
0.010335527	0.003863946				
0.010331485	0.003857801				
0.010327442	0.003851668				
0.010323401	0.003845549				
0.010319359	0.003839441				
0.010315318	0.003833346				
0.010311276	0.003827263				
0.010307234	0.003821191				
0.010303193	0.003815134				
0.010299151	0.003809087				
0.010295108	0.003803053				
0.010291067	0.003797032				
0.010287025	0.003791023				
0.010282983	0.003785026				
0.010278942	0.003779042				
0.0102749	0.003773069				
0.010270858	0.003767109				
0.010266817	0.003761163				
0.010262774	0.003755227				
0.010258732	0.003749304				
0.010254691	0.003743394				
0.010250649	0.003737495				
0.010246607	0.003731609				
0.010242566	0.003725736				
0.010238524	0.003719875				
0.010234483	0.003714027				
0.01023044	0.00370819				
0.010226398	0.003702365				
0.010222357	0.003696554				
0.010218315	0.003690754				
0.010214273	0.003684966				
0.010210232	0.003679193				
0.01020619	0.003673429				
0.010202147	0.003667679				
0.010198106	0.003661941				
0.010194064	0.003656215				
0.010190022	0.003650502				
0.010185981	0.003644802				
0.010181939	0.003639113				
0.010177897	0.003633436				
0.010173855	0.003627773				
0.010169813	0.003622121				
0.010165771	0.003616481				
0.01016173	0.003610855				
0.010157688	0.00360524				
0.010153647	0.003599639				
0.010149605	0.003594048				
0.010145563	0.00358847				
0.010141521	0.003582905				
0.010137479	0.003577353				
0.010133437	0.003571811				
0.010129396	0.003566284				
0.010125354	0.003560767				
0.010121312	0.003555263				
0.010117271	0.003549773				
0.010113229	0.003544293				
0.010109186	0.003538826				
0.010105145	0.003533373				
0.010101103	0.00352793				
0.010097061	0.0035225				
0.01009302	0.003517084				
0.010088978	0.003511678				
0.010084936	0.003506285				
0.010080894	0.003500905				
0.010076852	0.003495537				
0.010072811	0.003490182				
0.010068769	0.003484838				
0.010064726	0.003479506				
0.010060684	0.003474183				
0.010056641	0.003468865				
0.010052598	0.003463553				
0.010048556	0.003458248				
0.010044513	0.003452947				
0.01004047	0.003447653				
0.010036428	0.003442367				
0.010032385	0.003437085				
0.010028342	0.003431809				
0.0100243	0.003426541				
0.010020257	0.003421277				
0.010016214	0.00341602				
0.010012171	0.00341077				
0.010008129	0.003405525				
0.010004085	0.003400286				
0.010000043	0.003395054				
0.009996	0.003389827				
0.009991958	0.003384607				
0.009987915	0.003379393				
0.009983872	0.003374184				
0.00997983	0.003368982				
0.009975787	0.003363786				
0.009971744	0.003358596				
0.009967702	0.003353413				
0.009963659	0.003348235				
0.009959616	0.003343063				
0.009955574	0.003337898				
0.00995153	0.003332738				
0.009947487	0.003327584				
0.009943445	0.003322438				
0.009939402	0.003317296				
0.009935359	0.003312161				
0.009931317	0.003307032				
0.009927274	0.003301909				
0.009923231	0.003296792				
0.009919189	0.003291682				
0.009915146	0.003286577				
0.009911103	0.003281478				
0.00990706	0.003276386				
0.009903017	0.0032713				
0.009898975	0.00326622				
0.009894932	0.003261146				
0.009890889	0.003256078				
0.009886847	0.003251016				
0.009882804	0.00324596				
0.009878761	0.00324091				
0.009874719	0.003235867				
0.009870676	0.003230829				
0.009866633	0.003225797				
0.00986259	0.003220773				
0.009858548	0.003215753				
0.009854504	0.003210739				
0.009850462	0.003205733				
0.009846419	0.003200732				
0.009842376	0.003195737				
0.009838334	0.003190748				
0.009834291	0.003185766				
0.009830248	0.003180789				
0.009826206	0.003175819				
0.009822163	0.003170854				
0.009818121	0.003165896				
0.009814078	0.003160944				
0.009810035	0.003155998				
0.009805993	0.003151058				
0.00980195	0.003146124				
0.009797907	0.003141196				
0.009793864	0.003136275				
0.009789821	0.003131359				
0.009785778	0.003126449				
0.009781736	0.003121546				
0.009777693	0.003116649				
0.00977365	0.003111757				
0.009769608	0.003106872				
0.009765565	0.003101993				
0.009761522	0.00309712				
0.00975748	0.003092254				
0.009753437	0.003087393				
0.009749393	0.003082537				
0.009745351	0.00307769				
0.009741308	0.003072847				
0.009737266	0.003068011				
0.009733223	0.003063181				
0.00972918	0.003058356				
0.009725138	0.003053539				
0.009721095	0.003048726				
0.009717052	0.00304392				
0.00971301	0.003039121				
0.009708967	0.003034327				
0.009704924	0.003029539				
0.009700881	0.003024758				
0.009696839	0.003019982				
0.009692795	0.003015213				
0.009688753	0.00301045				
0.00968471	0.003005693				
0.009680667	0.003000941				
0.009676625	0.002996197				
0.009672582	0.002991458				
0.009668539	0.002986725				
0.009664497	0.002981999				
0.009660454	0.002977278				
0.009656412	0.002972564				
0.009652369	0.002967856				
0.009648326	0.002963153				
0.009644284	0.002958458				
0.009640241	0.002953767				
0.009636197	0.002949083				
0.009632155	0.002944406				
0.009628112	0.002939734				
0.009624069	0.002935068				
0.009620027	0.002930408				
0.009615984	0.002925755				
0.009611941	0.002921107				
0.009607899	0.002916466				
0.009603856	0.002911831				
0.009599813	0.002907201				
0.009595771	0.002902579				
0.009591727	0.002897962				
0.009587684	0.00289335				
0.009583642	0.002888747				
0.009579599	0.002884148				
0.009575557	0.002879556				
0.009571514	0.002874969				
0.009567471	0.002870388				
0.009563429	0.002865815				
0.009559386	0.002861246				
0.009555343	0.002856684				
0.0095513	0.002852129				
0.009547258	0.002847578				
0.009543214	0.002843034				
0.009539172	0.002838497				
0.00953513	0.002833966				
0.009531086	0.00282944				
0.009527044	0.002824921				
0.009523001	0.002820407				
0.009518958	0.0028159				
0.009514916	0.002811399				
0.009510873	0.002806904				
0.00950683	0.002802415				
0.009502788	0.002797933				
0.009498745	0.002793456				
0.009494702	0.002788985				
0.00949066	0.002784521				
0.009486617	0.002780062				
0.009482574	0.00277561				
0.009478531	0.002771164				
0.009474488	0.002766724				
0.009470446	0.00276229				
0.009466403	0.002757862				
0.00946236	0.00275344				
0.009458318	0.002749025				
0.009454275	0.002744615				
0.009450232	0.002740211				
0.00944619	0.002735814				
0.009442147	0.002731422				
0.009438103	0.002727037				
0.009434061	0.002722658				
0.009430018	0.002718285				
0.009425975	0.002713917				
0.009421933	0.002709557				
0.00941789	0.002705202				
0.009413847	0.002700853				
0.009409805	0.002696511				
0.009405762	0.002692174				
0.00940172	0.002687845				
0.009397677	0.00268352				
0.009393634	0.002679202				
0.009389591	0.00267489				
0.009385548	0.002670584				
0.009381506	0.002666284				
0.009377463	0.00266199				
0.00937342	0.002657702				
0.009369377	0.00265342				
0.009365335	0.002649145				
0.009361292	0.002644876				
0.009357249	0.002640612				
0.009353207	0.002636355				
0.009349164	0.002632104				
0.009345121	0.002627858				
0.009341079	0.00262362				
0.009337036	0.002619387				
0.009332992	0.00261516				
0.00932895	0.00261094				
0.009324907	0.002606725				
0.009320865	0.002602517				
0.009316822	0.002598314				
0.009312779	0.002594118				
0.009308737	0.002589928				
0.009304694	0.002585744				
0.009300651	0.002581566				
0.009296609	0.002577394				
0.009292566	0.002573228				
0.009288522	0.002569068				
0.009284481	0.002564915				
0.009280438	0.002560767				
0.009276394	0.002556625				
0.009272352	0.002552491				
0.009268309	0.002548361				
0.009264266	0.002544238				
0.009260224	0.002540121				
0.009256181	0.00253601				
0.009252138	0.002531905				
0.009248096	0.002527807				
0.009244053	0.002523714				
0.009240011	0.002519628				
0.009235968	0.002515547				
0.009231925	0.002511473				
0.009227882	0.002507405				
0.009223839	0.002503343				
0.009219796	0.002499286				
0.009215754	0.002495237				
0.009211711	0.002491193				
0.009207668	0.002487154				
0.009203626	0.002483123				
0.009199583	0.002479098				
0.00919554	0.002475078				
0.009191498	0.002471065				
0.009187455	0.002467057				
0.009183411	0.002463056				
0.009179369	0.002459061				
0.009175327	0.002455072				
0.009171283	0.002451089				
0.009167241	0.002447112				
0.009163198	0.002443142				
0.009159156	0.002439177				
0.009155113	0.002435219				
0.00915107	0.002431266				
0.009147028	0.00242732				
0.009142985	0.00242338				
0.009138942	0.002419445				
0.0091349	0.002415518				
0.009130857	0.002411596				
0.009126814	0.002407679				
0.009122771	0.00240377				
0.009118728	0.002399866				
0.009114685	0.002395968				
0.009110643	0.002392077				
0.0091066	0.002388192				
0.009102557	0.002384312				
0.009098515	0.002380439				
0.009094472	0.002376572				
0.009090429	0.002372711				
0.009086387	0.002368856				
0.009082344	0.002365008				
0.009078301	0.002361165				
0.009074258	0.002357328				
0.009070216	0.002353498				
0.009066173	0.002349674				
0.00906213	0.002345855				
0.009058087	0.002342043				
0.009054045	0.002338237				
0.009050002	0.002334437				
0.009045959	0.002330643				
0.009041917	0.002326855				
0.009037874	0.002323073				
0.009033831	0.002319297				
0.009029789	0.002315528				
0.009025746	0.002311764				
0.009021703	0.002308007				
0.00901766	0.002304256				
0.009013617	0.002300511				
0.009009574	0.002296771				
0.009005532	0.002293039				
0.009001489	0.002289312				
0.008997446	0.00228559				
0.008993404	0.002281877				
0.008989361	0.002278168				
0.008985319	0.002274466				
0.008981276	0.002270769				
0.008977233	0.002267079				
0.00897319	0.002263395				
0.008969148	0.002259716				
0.008965104	0.002256044				
0.008961062	0.002252378				
0.008957019	0.002248719				
0.008952976	0.002245065				
0.008948934	0.002241417				
0.008944891	0.002237776				
0.008940848	0.00223414				
0.008936806	0.002230511				
0.008932763	0.002226888				
0.00892872	0.00222327				
0.008924678	0.00221966				
0.008920635	0.002216054				
0.008916592	0.002212455				
0.008912549	0.002208863				
0.008908506	0.002205276				
0.008904464	0.002201696				
0.008900421	0.002198121				
0.008896378	0.002194553				
0.008892336	0.002190991				
0.008888293	0.002187434				
0.00888425	0.002183884				
0.008880208	0.002180341				
0.008876165	0.002176802				
0.008872122	0.00217327				
0.008868079	0.002169745				
0.008864037	0.002166225				
0.008859993	0.002162712				
0.008855951	0.002159205				
0.008851908	0.002155703				
0.008847865	0.002152208				
0.008843823	0.002148719				
0.00883978	0.002145236				
0.008835737	0.002141758				
0.008831695	0.002138288				
0.008827652	0.002134823				
0.008823609	0.002131365				
0.008819567	0.002127912				
0.008815524	0.002124465				
0.008811481	0.002121025				
0.008807438	0.002117591				
0.008803395	0.002114163				
0.008799353	0.002110741				
0.00879531	0.002107325				
0.008791267	0.002103915				
0.008787225	0.002100511				
0.008783182	0.002097113				
0.008779139	0.002093722				
0.008775097	0.002090336				
0.008771054	0.002086957				
0.008767011	0.002083583				
0.008762968	0.002080216				
0.008758925	0.002076855				
0.008754883	0.0020735				
0.00875084	0.002070151				
0.008746797	0.002066808				
0.008742755	0.002063472				
0.008738712	0.002060141				
0.008734669	0.002056816				
0.008730627	0.002053498				
0.008726584	0.002050186				
0.008722541	0.00204688				
0.008718499	0.00204358				
0.008714456	0.002040285				
0.008710413	0.002036997				
0.00870637	0.002033716				
0.008702327	0.00203044				
0.008698284	0.00202717				
0.008694242	0.002023907				
0.008690199	0.002020649				
0.008686156	0.002017397				
0.008682114	0.002014153				
0.008678071	0.002010913				
0.008674028	0.00200768				
0.008669986	0.002004453				
0.008665943	0.002001232				
0.008661901	0.001998018				
0.008657858	0.001994809				
0.008653815	0.001991606				
0.008649772	0.00198841				
0.008645729	0.001985219				
0.008641686	0.001982035				
0.008637644	0.001978857				
0.008633601	0.001975685				
0.008629558	0.001972518				
0.008625516	0.001969359				
0.008621473	0.001966205				
0.00861743	0.001963057				
0.008613388	0.001959915				
0.008609345	0.00195678				
0.008605302	0.00195365				
0.008601259	0.001950527				
0.008597216	0.00194741				
0.008593173	0.001944298				
0.008589131	0.001941193				
0.008585088	0.001938094				
0.008581045	0.001935001				
0.008577003	0.001931915				
0.00857296	0.001928834				
0.008568918	0.00192576				
0.008564875	0.001922691				
0.008560832	0.001919628				
0.00855679	0.001916573				
0.008552746	0.001913522				
0.008548704	0.001910478				
0.008544661	0.00190744				
0.008540618	0.001904408				
0.008536575	0.001901382				
0.008532533	0.001898362				
0.00852849	0.001895349				
0.008524447	0.001892341				
0.008520405	0.00188934				
0.008516362	0.001886344				
0.008512319	0.001883355				
0.008508276	0.001880372				
0.008504234	0.001877395				
0.008500191	0.001874424				
0.008496148	0.001871459				
0.008492105	0.0018685				
0.008488063	0.001865548				
0.00848402	0.001862601				
0.008479977	0.001859661				
0.008475935	0.001856726				
0.008471892	0.001853797				
0.008467849	0.001850873				
0.008463807	0.001847954				
0.008459764	0.001845039				
0.008455722	0.001842129				
0.00845168	0.001839225				
0.008447637	0.001836324				
0.008443594	0.001833429				
0.008439552	0.001830539				
0.008435509	0.001827653				
0.008431466	0.001824772				
0.008427424	0.001821896				
0.008423381	0.001819025				
0.008419339	0.001816158				
0.008415297	0.001813297				
0.008411254	0.001810441				
0.008407212	0.001807589				
0.008403169	0.001804742				
0.008399126	0.001801899				
0.008395084	0.001799062				
0.008391041	0.001796229				
0.008386999	0.001793402				
0.008382957	0.001790579				
0.008378914	0.001787761				
0.008374871	0.001784947				
0.008370829	0.001782139				
0.008366786	0.001779335				
0.008362743	0.001776536				
0.008358701	0.001773743				
0.008354658	0.001770953				
0.008350616	0.001768169				
0.008346574	0.00176539				
0.008342531	0.001762615				
0.008338488	0.001759845				
0.008334446	0.00175708				
0.008330403	0.001754319				
0.008326361	0.001751564				
0.008322318	0.001748814				
0.008318275	0.001746067				
0.008314233	0.001743327				
0.008310191	0.001740591				
0.008306148	0.001737859				
0.008302106	0.001735133				
0.008298063	0.001732411				
0.00829402	0.001729694				
0.008289978	0.001726982				
0.008285935	0.001724275				
0.008281893	0.001721573				
0.008277851	0.001718875				
0.008273808	0.001716182				
0.008269765	0.001713494				
0.008265723	0.001710812				
0.00826168	0.001708133				
0.008257637	0.00170546				
0.008253595	0.001702791				
0.008249552	0.001700127				
0.008245511	0.001697469				
0.008241468	0.001694814				
0.008237425	0.001692165				
0.008233383	0.001689521				
0.00822934	0.001686881				
0.008225297	0.001684246				
0.008221255	0.001681616				
0.008217212	0.001678991				
0.008213169	0.00167637				
0.008209127	0.001673755				
0.008205084	0.001671144				
0.008201042	0.001668538				
0.008197	0.001665937				
0.008192957	0.00166334				
0.008188914	0.001660749				
0.008184872	0.001658162				
0.008180829	0.00165558				
0.008176787	0.001653003				
0.008172745	0.001650432				
0.008168701	0.001647864				
0.008164659	0.001645301				
0.008160617	0.001642744				
0.008156574	0.001640191				
0.008152532	0.001637643				
0.008148489	0.0016351				
0.008144446	0.001632561				
0.008140404	0.001630028				
0.008136362	0.001627499				
0.008132319	0.001624975				
0.008128277	0.001622456				
0.008124234	0.001619941				
0.008120191	0.001617432				
0.008116149	0.001614927				
0.008112106	0.001612427				
0.008108063	0.001609932				
0.008104021	0.001607442				
0.008099979	0.001604957				
0.008095936	0.001602476				
0.008091894	0.0016				
0.008087851	0.001597529				
0.008083808	0.001595063				
0.008079766	0.001592602				
0.008075723	0.001590146				
0.008071681	0.001587694				
0.008067638	0.001585247				
0.008063596	0.001582805				
0.008059554	0.001580368				
0.00805551	0.001577936				
0.008051468	0.001575508				
0.008047426	0.001573086				
0.008043383	0.001570668				
0.00803934	0.001568254				
0.008035298	0.001565847				
0.008031255	0.001563443				
0.008027213	0.001561044				
0.008023171	0.001558651				
0.008019128	0.001556262				
0.008015085	0.001553877				
0.008011043	0.001551499				
0.008007	0.001549124				
0.008002957	0.001546754				
0.007998915	0.00154439				
0.007994873	0.001542029				
0.007990831	0.001539675				
0.007986788	0.001537324				
0.007982745	0.001534978				
0.007978703	0.001532638				
0.00797466	0.001530302				
0.007970617	0.001527971				
0.007966575	0.001525645				
0.007962532	0.001523323				
0.00795849	0.001521006				
0.007954448	0.001518695				
0.007950405	0.001516388				
0.007946362	0.001514085				
0.00794232	0.001511789				
0.007938277	0.001509496				
0.007934234	0.001507208				
0.007930192	0.001504925				
0.007926149	0.001502647				
0.007922107	0.001500374				
0.007918064	0.001498106				
0.007914022	0.001495842				
0.00790998	0.001493584				
0.007905937	0.00149133				
0.007901894	0.00148908				
0.007897852	0.001486836				
0.007893809	0.001484597				
0.007889767	0.001482362				
0.007885725	0.001480132				
0.007881681	0.001477907				
0.007877639	0.001475687				
0.007873597	0.001473472				
0.007869554	0.001471261				
0.007865511	0.001469055				
0.007861469	0.001466855				
0.007857426	0.001464659				
0.007853384	0.001462467				
0.007849342	0.001460281				
0.007845299	0.001458099				
0.007841256	0.001455923				
0.007837214	0.001453751				
0.007833171	0.001451583				
0.007829129	0.001449422				
0.007825086	0.001447264				
0.007821044	0.001445111				
0.007817002	0.001442964				
0.007812959	0.001440821				
0.007808916	0.001438682				
0.007804874	0.001436549				
0.007800831	0.00143442				
0.007796788	0.001432297				
0.007792746	0.001430178				
0.007788703	0.001428064				
0.007784661	0.001425955				
0.007780618	0.00142385				
0.007776576	0.00142175				
0.007772533	0.001419656				
0.007768491	0.001417566				
0.007764448	0.00141548				
0.007760405	0.0014134				
0.007756363	0.001411325				
0.00775232	0.001409254				
0.007748278	0.001407188				
0.007744235	0.001405127				
0.007740193	0.001403071				
0.00773615	0.001401019				
0.007732108	0.001398973				
0.007728065	0.001396931				
0.007724023	0.001394894				
0.00771998	0.001392862				
0.007715938	0.001390835				
0.007711895	0.001388812				
0.007707853	0.001386795				
0.00770381	0.001384782				
0.007699767	0.001382774				
0.007695725	0.001380771				
0.007691683	0.001378773				
0.00768764	0.001376779				
0.007683597	0.001374791				
0.007679555	0.001372807				
0.007675512	0.001370828				
0.00767147	0.001368853				
0.007667427	0.001366884				
0.007663385	0.00136492				
0.007659342	0.001362959				
0.0076553	0.001361005				
0.007651257	0.001359055				
0.007647214	0.001357109				
0.007643172	0.001355169				
0.007639129	0.001353233				
0.007635087	0.001351302				
0.007631044	0.001349376				
0.007627002	0.001347455				
0.007622959	0.001345539				
0.007618917	0.001343627				
0.007614874	0.00134172				
0.007610832	0.001339819				
0.007606789	0.001337921				
0.007602746	0.001336029				
0.007598704	0.001334142				
0.007594662	0.001332259				
0.007590619	0.001330381				
0.007586576	0.001328509				
0.007582534	0.001326641				
0.007578491	0.001324777				
0.007574449	0.001322919				
0.007570407	0.001321065				
0.007566363	0.001319216				
0.007562321	0.001317372				
0.007558279	0.001315533				
0.007554236	0.001313699				
0.007550194	0.001311869				
0.007546151	0.001310044				
0.007542109	0.001308224				
0.007538066	0.001306409				
0.007534024	0.001304599				
0.007529981	0.001302793				
0.007525938	0.001300993				
0.007521896	0.001299197				
0.007517853	0.001297406				
0.007513811	0.00129562				
0.007509768	0.001293838				
0.007505726	0.001292062				
0.007501683	0.00129029				
0.007497641	0.001288523				
0.007493598	0.001286761				
0.007489556	0.001285004				
0.007485513	0.001283252				
0.007481471	0.001281504				
0.007477428	0.001279761				
0.007473385	0.001278023				
0.007469343	0.00127629				
0.007465301	0.001274562				
0.007461258	0.001272839				
0.007457215	0.00127112				
0.007453173	0.001269406				
0.00744913	0.001267697				
0.007445087	0.001265993				
0.007441045	0.001264294				
0.007437003	0.001262599				
0.00743296	0.001260909				
0.007428917	0.001259224				
0.007424875	0.001257544				
0.007420833	0.001255869				
0.00741679	0.001254199				
0.007412747	0.001252533				
0.007408705	0.001250872				
0.007404662	0.001249216				
0.00740062	0.001247565				
0.007396577	0.001245919				
0.007392535	0.001244278				
0.007388492	0.001242641				
0.00738445	0.001241009				
0.007380407	0.001239382				
0.007376364	0.00123776				
0.007372322	0.001236142				
0.00736828	0.00123453				
0.007364237	0.001232922				
0.007360195	0.001231319				
0.007356152	0.001229721				
0.007352109	0.001228128				
0.007348067	0.001226539				
0.007344024	0.001224956				
0.007339982	0.001223377				
0.007335939	0.001221803				
0.007331897	0.001220234				
0.007327854	0.001218669				
0.007323812	0.00121711				
0.007319769	0.001215555				
0.007315727	0.001214005				
0.007311684	0.00121246				
0.007307641	0.00121092				
0.007303599	0.001209385				
0.007299557	0.001207854				
0.007295513	0.001206328				
0.007291471	0.001204807				
0.007287429	0.001203291				
0.007283386	0.00120178				
0.007279344	0.001200273				
0.007275301	0.001198772				
0.007271258	0.001197275				
0.007267216	0.001195783				
0.007263174	0.001194296				
0.007259131	0.001192813				
0.007255088	0.001191336				
0.007251046	0.001189863				
0.007247004	0.001188395				
0.007242961	0.001186932				
0.007238918	0.001185474				
0.007234876	0.001184021				
0.007230833	0.001182572				
0.007226791	0.001181128				
0.007222748	0.001179689				
0.007218706	0.001178255				
0.007214663	0.001176826				
0.007210621	0.001175401				
0.007206578	0.001173982				
0.007202535	0.001172567				
0.007198493	0.001171157				
0.00719445	0.001169751				
0.007190407	0.001168351				
0.007186365	0.001166956				
0.007182323	0.001165565				
0.00717828	0.001164179				
0.007174237	0.001162798				
0.007170195	0.001161422				
0.007166153	0.00116005				
0.00716211	0.001158683				
0.007158067	0.001157322				
0.007154025	0.001155965				
0.007149982	0.001154612				
0.00714594	0.001153265				
0.007141897	0.001151923				
0.007137855	0.001150585				
0.007133812	0.001149252				
0.00712977	0.001147924				
0.007125728	0.001146601				
0.007121684	0.001145282				
0.007117642	0.001143969				
0.0071136	0.00114266				
0.007109557	0.001141356				
0.007105514	0.001140057				
0.007101472	0.001138763				
0.00709743	0.001137473				
0.007093387	0.001136189				
0.007089345	0.001134909				
0.007085302	0.001133634				
0.007081259	0.001132363				
0.007077217	0.001131098				
0.007073175	0.001129838				
0.007069131	0.001128582				
0.007065089	0.001127331				
0.007061047	0.001126085				
0.007057005	0.001124844				
0.007052961	0.001123607				
0.007048919	0.001122376				
0.007044877	0.001121149				
0.007040834	0.001119927				
0.007036791	0.00111871				
0.007032749	0.001117497				
0.007028706	0.00111629				
0.007024663	0.001115087				
0.007020622	0.001113888				
0.00701658	0.001112691				
0.007012537	0.001111495				
0.007008495	0.001110302				
0.007004453	0.00110911				
0.007000411	0.00110792				
0.006996369	0.001106733				
0.006992327	0.001105547				
0.006988285	0.001104363				
0.006984243	0.001103181				
0.006980201	0.001102001				
0.006976159	0.001100823				
0.006972117	0.001099647				
0.006968074	0.001098473				
0.006964033	0.001097301				
0.00695999	0.00109613				
0.006955948	0.001094962				
0.006951906	0.001093796				
0.006947864	0.001092631				
0.006943822	0.001091469				
0.00693978	0.001090308				
0.006935738	0.00108915				
0.006931695	0.001087993				
0.006927654	0.001086838				
0.006923612	0.001085685				
0.006919569	0.001084534				
0.006915527	0.001083385				
0.006911485	0.001082238				
0.006907443	0.001081093				
0.006903401	0.00107995				
0.006899359	0.001078809				
0.006895317	0.001077669				
0.006891275	0.001076532				
0.006887233	0.001075397				
0.00688319	0.001074263				
0.006879148	0.001073131				
0.006875106	0.001072002				
0.006871064	0.001070874				
0.006867022	0.001069748				
0.00686298	0.001068624				
0.006858938	0.001067503				
0.006854896	0.001066383				
0.006850853	0.001065265				
0.006846811	0.001064148				
0.006842769	0.001063034				
0.006838727	0.001061922				
0.006834685	0.001060812				
0.006830643	0.001059704				
0.0068266	0.001058597				
0.006822559	0.001057493				
0.006818517	0.00105639				
0.006814474	0.001055289				
0.006810432	0.001054191				
0.00680639	0.001053094				
0.006802349	0.001051999				
0.006798306	0.001050906				
0.006794264	0.001049816				
0.006790222	0.001048727				
0.00678618	0.001047639				
0.006782138	0.001046554				
0.006778096	0.001045471				
0.006774053	0.00104439				
0.006770011	0.00104331				
0.006765969	0.001042233				
0.006761927	0.001041158				
0.006757885	0.001040084				
0.006753843	0.001039013				
0.006749801	0.001037943				
0.006745759	0.001036875				
0.006741716	0.001035809				
0.006737675	0.001034746				
0.006733632	0.001033684				
0.00672959	0.001032624				
0.006725548	0.001031566				
0.006721506	0.00103051				
0.006717464	0.001029456				
0.006713422	0.001028403				
0.00670938	0.001027353				
0.006705338	0.001026305				
0.006701295	0.001025258				
0.006697254	0.001024214				
0.006693211	0.001023171				
0.006689169	0.001022131				
0.006685127	0.001021092				
0.006681085	0.001020055				
0.006677043	0.00101902				
0.006673001	0.001017988				
0.006668959	0.001016957				
0.006664916	0.001015928				
0.006660875	0.001014901				
0.006656833	0.001013876				
0.00665279	0.001012852				
0.006648748	0.001011831				
0.006644706	0.001010812				
0.006640664	0.001009794				
0.006636622	0.001008779				
0.00663258	0.001007766				
0.006628538	0.001006754				
0.006624495	0.001005744				
0.006620453	0.001004736				
0.006616411	0.001003729				
0.006612368	0.001002724				
0.006608326	0.001001721				
0.006604284	0.001000719				
0.006600242	0.000999719				
0.006596199	0.000998721				
0.006592157	0.000997724				
0.006588115	0.000996729				
0.006584072	0.000995736				
0.00658003	0.000994744				
0.006575987	0.000993754				
0.006571945	0.000992766				
0.006567903	0.000991779				
0.006563861	0.000990794				
0.006559818	0.00098981				
0.006555776	0.000988829				
0.006551733	0.000987848				
0.006547691	0.00098687				
0.006543649	0.000985893				
0.006539606	0.000984918				
0.006535564	0.000983944				
0.006531522	0.000982972				
0.00652748	0.000982002				
0.006523437	0.000981034				
0.006519395	0.000980067				
0.006515352	0.000979101				
0.00651131	0.000978138				
0.006507268	0.000977176				
0.006503225	0.000976215				
0.006499183	0.000975257				
0.006495141	0.0009743				
0.006491098	0.000973344				
0.006487056	0.00097239				
0.006483014	0.000971438				
0.006478972	0.000970488				
0.006474929	0.000969539				
0.006470887	0.000968592				
0.006466845	0.000967647				
0.006462802	0.000966703				
0.00645876	0.000965761				
0.006454717	0.00096482				
0.006450675	0.000963881				
0.006446633	0.000962944				
0.006442591	0.000962008				
0.006438548	0.000961074				
0.006434506	0.000960142				
0.006430464	0.000959212				
0.006426422	0.000958283				
0.006422379	0.000957355				
0.006418336	0.00095643				
0.006414294	0.000955506				
0.006410252	0.000954583				
0.00640621	0.000953663				
0.006402167	0.000952744				
0.006398125	0.000951826				
0.006394083	0.00095091				
0.00639004	0.000949996				
0.006385998	0.000949084				
0.006381955	0.000948173				
0.006377914	0.000947264				
0.006373871	0.000946356				
0.006369828	0.00094545				
0.006365786	0.000944546				
0.006361744	0.000943644				
0.006357702	0.000942743				
0.006353659	0.000941844				
0.006349617	0.000940946				
0.006345575	0.00094005				
0.006341532	0.000939156				
0.00633749	0.000938263				
0.006333448	0.000937372				
0.006329405	0.000936483				
0.006325363	0.000935595				
0.006321321	0.000934709				
0.006317278	0.000933825				
0.006313236	0.000932942				
0.006309194	0.000932061				
0.006305152	0.000931182				
0.006301109	0.000930304				
0.006297067	0.000929428				
0.006293025	0.000928553				
0.006288982	0.000927681				
0.006284939	0.000926809				
0.006280897	0.00092594				
0.006276855	0.000925072				
0.006272813	0.000924206				
0.00626877	0.000923341				
0.006264728	0.000922478				
0.006260686	0.000921617				
0.006256644	0.000920758				
0.006252601	0.0009199				
0.006248558	0.000919043				
0.006244517	0.000918189				
0.006240474	0.000917336				
0.006236431	0.000916484				
0.006232389	0.000915635				
0.006228347	0.000914787				
0.006224305	0.00091394				
0.006220262	0.000913095				
0.00621622	0.000912252				
0.006212178	0.000911411				
0.006208136	0.000910571				
0.006204093	0.000909733				
0.006200051	0.000908897				
0.006196008	0.000908062				
0.006191966	0.000907228				
0.006187924	0.000906397				
0.006183882	0.000905567				
0.006179839	0.000904739				
0.006175797	0.000903912				
0.006171755	0.000903087				
0.006167712	0.000902264				
0.00616367	0.000901442				
0.006159627	0.000900623				
0.006155585	0.000899804				
0.006151543	0.000898988				
0.006147501	0.000898173				
0.006143458	0.000897359				
0.006139416	0.000896548				
0.006135374	0.000895738				
0.006131331	0.000894929				
0.006127289	0.000894122				
0.006123247	0.000893317				
0.006119204	0.000892514				
0.006115161	0.000891712				
0.006111119	0.000890912				
0.006107077	0.000890113				
0.006103035	0.000889317				
0.006098992	0.000888521				
0.00609495	0.000887728				
0.006090908	0.000886936				
0.006086866	0.000886146				
0.006082823	0.000885357				
0.006078781	0.00088457				
0.006074738	0.000883785				
0.006070696	0.000883001				
0.006066654	0.000882219				
0.006062611	0.000881439				
0.006058569	0.00088066				
0.006054527	0.000879883				
0.006050485	0.000879108				
0.006046442	0.000878334				
0.0060424	0.000877562				
0.006038358	0.000876792				
0.006034315	0.000876023				
0.006030273	0.000875256				
0.006026231	0.00087449				
0.006022189	0.000873727				
0.006018146	0.000872964				
0.006014103	0.000872204				
0.006010061	0.000871445				
0.006006019	0.000870688				
0.006001977	0.000869932				
0.005997934	0.000869178				
0.005993892	0.000868426				
0.00598985	0.000867675				
0.005985807	0.000866927				
0.005981765	0.000866179				
0.005977722	0.000865434				
0.00597368	0.00086469				
0.005969638	0.000863947				
0.005965596	0.000863207				
0.005961553	0.000862468				
0.005957511	0.00086173				
0.005953468	0.000860994				
0.005949426	0.00086026				
0.005945384	0.000859528				
0.005941342	0.000858797				
0.005937299	0.000858068				
0.005933257	0.00085734				
0.005929215	0.000856615				
0.005925172	0.00085589				
0.00592113	0.000855168				
0.005917088	0.000854447				
0.005913045	0.000853728				
0.005909003	0.00085301				
0.005904961	0.000852294				
0.005900918	0.00085158				
0.005896876	0.000850868				
0.005892834	0.000850157				
0.005888791	0.000849447				
0.005884749	0.00084874				
0.005880707	0.000848034				
0.005876664	0.000847329				
0.005872622	0.000846627				
0.00586858	0.000845925				
0.005864537	0.000845226				
0.005860495	0.000844528				
0.005856452	0.000843832				
0.005852411	0.000843138				
0.005848368	0.000842445				
0.005844326	0.000841754				
0.005840283	0.000841064				
0.005836241	0.000840377				
0.005832199	0.00083969				
0.005828156	0.000839006				
0.005824114	0.000838323				
0.005820072	0.000837642				
0.00581603	0.000836962				
0.005811987	0.000836284				
0.005807945	0.000835608				
0.005803902	0.000834933				
0.00579986	0.00083426				
0.005795818	0.000833589				
0.005791775	0.000832919				
0.005787733	0.000832251				
0.005783691	0.000831585				
0.005779648	0.00083092				
0.005775606	0.000830257				
0.005771564	0.000829596				
0.005767522	0.000828936				
0.005763479	0.000828278				
0.005759437	0.000827621				
0.005755395	0.000826967				
0.005751352	0.000826313				
0.00574731	0.000825662				
0.005743267	0.000825012				
0.005739225	0.000824364				
0.005735182	0.000823717				
0.005731141	0.000823072				
0.005727098	0.000822429				
0.005723056	0.000821788				
0.005719013	0.000821148				
0.005714971	0.000820509				
0.005710929	0.000819873				
0.005706886	0.000819238				
0.005702844	0.000818604				
0.005698802	0.000817973				
0.00569476	0.000817343				
0.005690717	0.000816714				
0.005686675	0.000816088				
0.005682632	0.000815462				
0.00567859	0.000814839				
0.005674548	0.000814217				
0.005670505	0.000813597				
0.005666463	0.000812979				
0.005662421	0.000812362				
0.005658378	0.000811747				
0.005654336	0.000811133				
0.005650294	0.000810521				
0.005646252	0.000809911				
0.005642209	0.000809302				
0.005638167	0.000808695				
0.005634125	0.00080809				
0.005630082	0.000807487				
0.00562604	0.000806885				
0.005621998	0.000806284				
0.005617955	0.000805686				
0.005613913	0.000805089				
0.005609871	0.000804493				
0.005605828	0.0008039				
0.005601786	0.000803308				
0.005597744	0.000802717				
0.005593702	0.000802128				
0.005589659	0.000801541				
0.005585616	0.000800956				
0.005581575	0.000800372				
0.005577532	0.00079979				
0.00557349	0.000799209				
0.005569447	0.000798631				
0.005565405	0.000798054				
0.005561363	0.000797478				
0.00555732	0.000796904				
0.005553278	0.000796332				
0.005549235	0.000795761				
0.005545193	0.000795192				
0.005541151	0.000794625				
0.005537108	0.000794059				
0.005533067	0.000793495				
0.005529024	0.000792933				
0.005524982	0.000792372				
0.005520939	0.000791813				
0.005516897	0.000791256				
0.005512855	0.0007907				
0.005508812	0.000790146				
0.00550477	0.000789594				
0.005500728	0.000789043				
0.005496685	0.000788494				
0.005492643	0.000787946				
0.005488601	0.000787401				
0.005484558	0.000786857				
0.005480516	0.000786314				
0.005476474	0.000785773				
0.005472432	0.000785234				
0.005468389	0.000784696				
0.005464346	0.00078416				
0.005460305	0.000783626				
0.005456262	0.000783094				
0.00545222	0.000782563				
0.005448177	0.000782033				
0.005444135	0.000781506				
0.005440093	0.00078098				
0.00543605	0.000780455				
0.005432008	0.000779933				
0.005427966	0.000779412				
0.005423924	0.000778892				
0.005419881	0.000778375				
0.005415838	0.000777858				
0.005411797	0.000777344				
0.005407754	0.000776831				
0.005403712	0.00077632				
0.005399669	0.000775811				
0.005395627	0.000775303				
0.005391585	0.000774797				
0.005387542	0.000774292				
0.0053835	0.000773789				
0.005379458	0.000773288				
0.005375415	0.000772789				
0.005371373	0.000772291				
0.005367331	0.000771794				
0.005363288	0.0007713				
0.005359246	0.000770807				
0.005355204	0.000770315				
0.005351162	0.000769826				
0.005347119	0.000769338				
0.005343077	0.000768851				
0.005339035	0.000768367				
0.005334992	0.000767884				
0.00533095	0.000767402				
0.005326908	0.000766923				
0.005322865	0.000766444				
0.005318823	0.000765968				
0.005314781	0.000765493				
0.005310738	0.00076502				
0.005306696	0.000764549				
0.005302654	0.000764079				
0.005298611	0.000763611				
0.005294568	0.000763144				
0.005290527	0.000762679				
0.005286484	0.000762216				
0.005282442	0.000761754				
0.005278399	0.000761294				
0.005274357	0.000760836				
0.005270315	0.000760379				
0.005266273	0.000759924				
0.00526223	0.000759469				
0.005258188	0.000759016				
0.005254146	0.000758564				
0.005250104	0.000758114				
0.005246062	0.000757665				
0.005242019	0.000757217				
0.005237977	0.00075677				
0.005233935	0.000756325				
0.005229893	0.000755881				
0.00522585	0.000755438				
0.005221808	0.000754996				
0.005217766	0.000754556				
0.005213723	0.000754117				
0.005209681	0.000753679				
0.005205639	0.000753243				
0.005201597	0.000752808				
0.005197554	0.000752374				
0.005193512	0.000751941				
0.00518947	0.00075151				
0.005185428	0.00075108				
0.005181386	0.000750651				
0.005177343	0.000750223				
0.005173301	0.000749797				
0.005169259	0.000749372				
0.005165217	0.000748948				
0.005161174	0.000748526				
0.005157132	0.000748105				
0.00515309	0.000747685				
0.005149048	0.000747267				
0.005145005	0.000746849				
0.005140963	0.000746433				
0.005136921	0.000746018				
0.005132878	0.000745605				
0.005128836	0.000745193				
0.005124794	0.000744782				
0.005120752	0.000744372				
0.00511671	0.000743964				
0.005112667	0.000743557				
0.005108626	0.000743151				
0.005104583	0.000742746				
0.005100541	0.000742343				
0.005096499	0.000741941				
0.005092456	0.000741541				
0.005088414	0.000741141				
0.005084372	0.000740743				
0.005080329	0.000740346				
0.005076287	0.000739951				
0.005072245	0.000739556				
0.005068203	0.000739163				
0.00506416	0.000738772				
0.005060119	0.000738381				
0.005056076	0.000737992				
0.005052034	0.000737604				
0.005047992	0.000737217				
0.00504395	0.000736832				
0.005039907	0.000736448				
0.005035865	0.000736065				
0.005031823	0.000735683				
0.00502778	0.000735303				
0.005023738	0.000734923				
0.005019696	0.000734544				
0.005015654	0.000734166				
0.005011611	0.000733789				
0.005007569	0.000733413				
0.005003527	0.000733038				
0.004999484	0.000732664				
0.004995442	0.000732291				
0.0049914	0.000731919				
0.004987357	0.000731548				
0.004983315	0.000731178				
0.004979273	0.000730809				
0.004975231	0.000730441				
0.004971188	0.000730073				
0.004967146	0.000729707				
0.004963104	0.000729342				
0.004959061	0.000728977				
0.004955019	0.000728614				
0.004950977	0.000728252				
0.004946934	0.00072789				
0.004942892	0.00072753				
0.00493885	0.00072717				
0.004934808	0.000726812				
0.004930765	0.000726454				
0.004926723	0.000726097				
0.004922681	0.000725742				
0.004918638	0.000725387				
0.004914596	0.000725033				
0.004910554	0.000724681				
0.004906511	0.000724329				
0.004902469	0.000723978				
0.004898427	0.000723628				
0.004894385	0.000723279				
0.004890342	0.000722931				
0.0048863	0.000722584				
0.004882258	0.000722238				
0.004878215	0.000721893				
0.004874173	0.000721549				
0.004870131	0.000721206				
0.004866088	0.000720864				
0.004862046	0.000720522				
0.004858004	0.000720182				
0.004853962	0.000719843				
0.004849919	0.000719504				
0.004845877	0.000719167				
0.004841835	0.00071883				
0.004837793	0.000718495				
0.004833751	0.00071816				
0.004829709	0.000717826				
0.004825666	0.000717493				
0.004821624	0.000717161				
0.004817582	0.00071683				
0.00481354	0.0007165				
0.004809497	0.000716171				
0.004805455	0.000715842				
0.004801413	0.000715515				
0.00479737	0.000715188				
0.004793328	0.000714862				
0.004789286	0.000714538				
0.004785244	0.000714214				
0.004781201	0.000713891				
0.004777159	0.000713569				
0.004773117	0.000713248				
0.004769075	0.000712928				
0.004765033	0.000712608				
0.004760991	0.00071229				
0.004756948	0.000711972				
0.004752906	0.000711656				
0.004748864	0.00071134				
0.004744821	0.000711025				
0.004740779	0.000710712				
0.004736737	0.000710399				
0.004732695	0.000710087				
0.004728652	0.000709775				
0.00472461	0.000709465				
0.004720568	0.000709156				
0.004716525	0.000708848				
0.004712483	0.00070854				
0.004708441	0.000708233				
0.004704399	0.000707928				
0.004700357	0.000707623				
0.004696315	0.000707319				
0.004692272	0.000707016				
0.00468823	0.000706714				
0.004684188	0.000706413				
0.004680146	0.000706113				
0.004676103	0.000705814				
0.004672061	0.000705515				
0.004668019	0.000705218				
0.004663976	0.000704921				
0.004659934	0.000704625				
0.004655892	0.000704331				
0.00465185	0.000704037				
0.004647807	0.000703744				
0.004643765	0.000703452				
0.004639723	0.000703161				
0.004635681	0.000702871				
0.004631638	0.000702581				
0.004627596	0.000702293				
0.004623554	0.000702005				
0.004619512	0.000701719				
0.00461547	0.000701433				
0.004611428	0.000701148				
0.004607385	0.000700865				
0.004603343	0.000700582				
0.004599301	0.0007003				
0.004595258	0.000700018				
0.004591216	0.000699738				
0.004587174	0.000699459				
0.004583131	0.00069918				
0.004579089	0.000698903				
0.004575047	0.000698626				
0.004571004	0.000698351				
0.004566963	0.000698076				
0.00456292	0.000697802				
0.004558878	0.000697529				
0.004554836	0.000697257				
0.004550794	0.000696986				
0.004546751	0.000696716				
0.004542709	0.000696446				
0.004538667	0.000696178				
0.004534625	0.000695911				
0.004530582	0.000695644				
0.00452654	0.000695378				
0.004522498	0.000695114				
0.004518456	0.00069485				
0.004514413	0.000694587				
0.004510371	0.000694325				
0.004506329	0.000694064				
0.004502287	0.000693803				
0.004498244	0.000693544				
0.004494202	0.000693286				
0.00449016	0.000693028				
0.004486118	0.000692772				
0.004482075	0.000692516				
0.004478033	0.000692261				
0.004473991	0.000692007				
0.004469949	0.000691754				
0.004465907	0.000691502				
0.004461864	0.000691251				
0.004457822	0.000691001				
0.00445378	0.000690752				
0.004449737	0.000690503				
0.004445695	0.000690256				
0.004441653	0.000690009				
0.004437611	0.000689763				
0.004433569	0.000689519				
0.004429526	0.000689275				
0.004425484	0.000689032				
0.004421442	0.00068879				
0.0044174	0.000688549				
0.004413358	0.000688309				
0.004409315	0.000688069				
0.004405273	0.000687831				
0.004401231	0.000687593				
0.004397189	0.000687357				
0.004393146	0.000687121				
0.004389104	0.000686886				
0.004385062	0.000686652				
0.004381019	0.000686419				
0.004376977	0.000686187				
0.004372935	0.000685956				
0.004368893	0.000685726				
0.00436485	0.000685497				
0.004360808	0.000685268				
0.004356766	0.000685041				
0.004352724	0.000684814				
0.004348682	0.000684588				
0.004344639	0.000684363				
0.004340597	0.000684139				
0.004336555	0.000683915				
0.004332513	0.000683691				
0.00432847	0.000683469				
0.004324428	0.000683247				
0.004320386	0.000683025				
0.004316344	0.000682805				
0.004312301	0.000682585				
0.004308259	0.000682365				
0.004304217	0.000682147				
0.004300174	0.000681929				
0.004296132	0.000681711				
0.00429209	0.000681494				
0.004288048	0.000681278				
0.004284005	0.000681063				
0.004279963	0.000680848				
0.004275921	0.000680634				
0.004271879	0.00068042				
0.004267837	0.000680207				
0.004263795	0.000679995				
0.004259752	0.000679783				
0.00425571	0.000679572				
0.004251668	0.000679362				
0.004247625	0.000679152				
0.004243583	0.000678943				
0.004239541	0.000678735				
0.004235499	0.000678527				
0.004231456	0.00067832				
0.004227414	0.000678113				
0.004223372	0.000677908				
0.00421933	0.000677702				
0.004215288	0.000677498				
0.004211245	0.000677294				
0.004207203	0.000677091				
0.004203161	0.000676888				
0.004199119	0.000676686				
0.004195077	0.000676485				
0.004191034	0.000676284				
0.004186992	0.000676084				
0.00418295	0.000675885				
0.004178907	0.000675686				
0.004174865	0.000675488				
0.004170823	0.000675291				
0.00416678	0.000675094				
0.004162738	0.000674898				
0.004158696	0.000674703				
0.004154654	0.000674508				
0.004150612	0.000674314				
0.004146569	0.00067412				
0.004142527	0.000673927				
0.004138485	0.000673735				
0.004134443	0.000673543				
0.004130401	0.000673352				
0.004126358	0.000673162				
0.004122316	0.000672973				
0.004118274	0.000672784				
0.004114231	0.000672595				
0.004110189	0.000672407				
0.004106147	0.00067222				
0.004102105	0.000672034				
0.004098062	0.000671848				
0.00409402	0.000671663				
0.004089978	0.000671479				
0.004085936	0.000671295				
0.004081893	0.000671112				
0.004077851	0.000670929				
0.004073809	0.000670747				
0.004069767	0.000670566				
0.004065725	0.000670385				
0.004061683	0.000670205				
0.00405764	0.000670026				
0.004053598	0.000669847				
0.004049556	0.000669669				
0.004045513	0.000669492				
0.004041471	0.000669315				
0.004037429	0.000669139				
0.004033386	0.000668964				
0.004029344	0.000668789				
0.004025302	0.000668615				
0.00402126	0.000668442				
0.004017218	0.000668269				
0.004013175	0.000668096				
0.004009133	0.000667925				
0.004005091	0.000667754				
0.004001049	0.000667584				
0.003997007	0.000667414				
0.003992964	0.000667245				
0.003988922	0.000667077				
0.00398488	0.000666909				
0.003980838	0.000666742				
0.003976795	0.000666576				
0.003972753	0.00066641				
0.003968711	0.000666245				
0.003964668	0.000666081				
0.003960626	0.000665917				
0.003956584	0.000665754				
0.003952542	0.000665591				
0.0039485	0.000665429				
0.003944457	0.000665268				
0.003940415	0.000665108				
0.003936373	0.000664948				
0.003932331	0.000664789				
0.003928289	0.00066463				
0.003924246	0.000664472				
0.003920204	0.000664315				
0.003916162	0.000664158				
0.003912119	0.000664002				
0.003908077	0.000663847				
0.003904035	0.000663692				
0.003899993	0.000663538				
0.00389595	0.000663384				
0.003891908	0.000663232				
0.003887866	0.000663079				
0.003883824	0.000662928				
0.003879781	0.000662777				
0.003875739	0.000662627				
0.003871697	0.000662477				
0.003867655	0.000662328				
0.003863613	0.00066218				
0.00385957	0.000662032				
0.003855528	0.000661885				
0.003851486	0.000661739				
0.003847443	0.000661593				
0.003843401	0.000661448				
0.003839359	0.000661304				
0.003835317	0.00066116				
0.003831275	0.000661017				
0.003827232	0.000660875				
0.00382319	0.000660733				
0.003819148	0.000660592				
0.003815106	0.000660451				
0.003811063	0.000660311				
0.003807021	0.000660172				
0.003802979	0.000660034				
0.003798937	0.000659896				
0.003794894	0.000659758				
0.003790852	0.000659622				
0.00378681	0.000659486				
0.003782768	0.000659351				
0.003778725	0.000659216				
0.003774683	0.000659082				
0.003770641	0.000658948				
0.003766599	0.000658816				
0.003762556	0.000658684				
0.003758514	0.000658552				
0.003754472	0.000658421				
0.00375043	0.000658291				
0.003746387	0.000658162				
0.003742345	0.000658033				
0.003738303	0.000657904				
0.003734261	0.000657776				
0.003730219	0.000657649				
0.003726176	0.000657522				
0.003722134	0.000657395				
0.003718092	0.00065727				
0.00371405	0.000657144				
0.003710007	0.000657019				
0.003705965	0.000656895				
0.003701923	0.000656771				
0.003697881	0.000656648				
0.003693838	0.000656525				
0.003689796	0.000656403				
0.003685754	0.000656282				
0.003681712	0.000656161				
0.003677669	0.00065604				
0.003673627	0.00065592				
0.003669585	0.0006558				
0.003665543	0.000655681				
0.003661501	0.000655563				
0.003657458	0.000655445				
0.003653416	0.000655328				
0.003649374	0.000655211				
0.003645332	0.000655094				
0.003641289	0.000654979				
0.003637247	0.000654863				
0.003633205	0.000654749				
0.003629163	0.000654634				
0.00362512	0.000654521				
0.003621078	0.000654407				
0.003617036	0.000654295				
0.003612994	0.000654183				
0.003608952	0.000654071				
0.003604909	0.00065396				
0.003600867	0.000653849				
0.003596825	0.000653739				
0.003592782	0.00065363				
0.00358874	0.000653521				
0.003584698	0.000653412				
0.003580656	0.000653305				
0.003576614	0.000653197				
0.003572571	0.00065309				
0.003568529	0.000652984				
0.003564487	0.000652878				
0.003560445	0.000652773				
0.003556402	0.000652668				
0.00355236	0.000652564				
0.003548318	0.00065246				
0.003544276	0.000652357				
0.003540234	0.000652254				
0.003536191	0.000652152				
0.003532149	0.000652051				
0.003528107	0.00065195				
0.003524065	0.000651849				
0.003520022	0.000651749				
0.00351598	0.00065165				
0.003511938	0.000651551				
0.003507896	0.000651452				
0.003503853	0.000651355				
0.003499811	0.000651257				
0.003495769	0.00065116				
0.003491726	0.000651064				
0.003487684	0.000650968				
0.003483642	0.000650873				
0.0034796	0.000650778				
0.003475558	0.000650684				
0.003471515	0.00065059				
0.003467473	0.000650497				
0.003463431	0.000650404				
0.003459389	0.000650312				
0.003455346	0.00065022				
0.003451304	0.000650129				
0.003447262	0.000650039				
0.00344322	0.000649949				
0.003439177	0.000649859				
0.003435135	0.00064977				
0.003431093	0.000649681				
0.003427051	0.000649593				
0.003423008	0.000649506				
0.003418966	0.000649419				
0.003414924	0.000649332				
0.003410881	0.000649247				
0.003406839	0.000649161				
0.003402797	0.000649076				
0.003398755	0.000648992				
0.003394713	0.000648908				
0.00339067	0.000648825				
0.003386628	0.000648742				
0.003382586	0.00064866				
0.003378544	0.000648578				
0.003374501	0.000648497				
0.003370459	0.000648416				
0.003366417	0.000648336				
0.003362375	0.000648256				
0.003358332	0.000648177				
0.00335429	0.000648098				
0.003350248	0.00064802				
0.003346206	0.000647942				
0.003342163	0.000647865				
0.003338121	0.000647789				
0.003334079	0.000647713				
0.003330037	0.000647637				
0.003325995	0.000647562				
0.003321952	0.000647488				
0.00331791	0.000647414				
0.003313868	0.00064734				
0.003309825	0.000647267				
0.003305784	0.000647195				
0.003301741	0.000647123				
0.003297699	0.000647052				
0.003293657	0.000646981				
0.003289614	0.000646911				
0.003285572	0.000646841				
0.00328153	0.000646772				
0.003277488	0.000646703				
0.003273445	0.000646635				
0.003269403	0.000646567				
0.003265361	0.0006465				
0.003261319	0.000646433				
0.003257276	0.000646367				
0.003253234	0.000646301				
0.003249192	0.000646236				
0.00324515	0.000646171				
0.003241107	0.000646107				
0.003237065	0.000646044				
0.003233023	0.000645981				
0.003228981	0.000645918				
0.003224939	0.000645856				
0.003220896	0.000645795				
0.003216854	0.000645734				
0.003212812	0.000645673				
0.003208769	0.000645613				
0.003204727	0.000645554				
0.003200685	0.000645495				
0.003196643	0.000645437				
0.003192601	0.000645379				
0.003188558	0.000645322				
0.003184516	0.000645265				
0.003180474	0.000645209				
0.003176431	0.000645153				
0.003172389	0.000645098				
0.003168347	0.000645043				
0.003164305	0.000644989				
0.003160263	0.000644935				
0.00315622	0.000644882				
0.003152178	0.000644829				
0.003148136	0.000644777				
0.003144094	0.000644726				
0.003140051	0.000644674				
0.003136009	0.000644624				
0.003131967	0.000644574				
0.003127925	0.000644524				
0.003123883	0.000644475				
0.00311984	0.000644427				
0.003115798	0.000644379				
0.003111756	0.000644332				
0.003107713	0.000644285				
0.003103671	0.000644238				
0.003099629	0.000644192				
0.003095587	0.000644147				
0.003091545	0.000644102				
0.003087502	0.000644058				
0.00308346	0.000644014				
0.003079418	0.000643971				
0.003075375	0.000643928				
0.003071333	0.000643886				
0.003067291	0.000643844				
0.003063249	0.000643803				
0.003059207	0.000643762				
0.003055164	0.000643722				
0.003051122	0.000643683				
0.00304708	0.000643643				
0.003043038	0.000643605				
0.003038995	0.000643567				
0.003034953	0.000643529				
0.003030911	0.000643492				
0.003026869	0.000643456				
0.003022827	0.00064342				
0.003018784	0.000643384				
0.003014742	0.000643349				
0.0030107	0.000643315				
0.003006657	0.000643281				
0.003002615	0.000643248				
0.002998573	0.000643215				
0.002994531	0.000643182				
0.002990489	0.000643151				
0.002986446	0.000643119				
0.002982404	0.000643088				
0.002978362	0.000643058				
0.002974319	0.000643028				
0.002970278	0.000642999				
0.002966235	0.000642971				
0.002962193	0.000642942				
0.002958151	0.000642915				
0.002954108	0.000642888				
0.002950066	0.000642861				
0.002946024	0.000642835				
0.002941981	0.000642809				
0.002937939	0.000642784				
0.002933897	0.00064276				
0.002929855	0.000642736				
0.002925813	0.000642712				
0.00292177	0.000642689				
0.002917728	0.000642667				
0.002913686	0.000642645				
0.002909644	0.000642623				
0.002905601	0.000642602				
0.002901559	0.000642582				
0.002897517	0.000642562				
0.002893475	0.000642543				
0.002889432	0.000642524				
0.00288539	0.000642506				
0.002881348	0.000642488				
0.002877306	0.000642471				
0.002873263	0.000642454				
0.002869221	0.000642438				
0.002865179	0.000642422				
0.002861137	0.000642407				
0.002857095	0.000642392				
0.002853052	0.000642378				
0.00284901	0.000642365				
0.002844968	0.000642352				
0.002840926	0.00064234				
0.002836883	0.000642329				
0.002832841	0.000642319				
0.002828799	0.000642309				
0.002824757	0.0006423				
0.002820715	0.000642292				
0.002816673	0.000642285				
0.002812631	0.000642278				
0.002808589	0.000642273				
0.002804547	0.000642268				
0.002800505	0.000642264				
0.002796463	0.000642261				
0.00279242	0.000642259				
0.002788378	0.000642258				
0.002784336	0.000642257				
