  .0039710000  .0016485224
  .0039690536  .0016336158
  .0039671067  .0016188909
  .0039651603  .0016043547
  .0039632134  .0015900003
  .0039612670  .0015758345
  .0039593206  .0015618540
  .0039573737  .0015480554
  .0039554273  .0015344453
  .0039534804  .0015210172
  .0039515340  .0015077775
  .0039495876  .0014947231
  .0039476407  .0014818508
  .0039456943  .0014691668
  .0039437478  .0014566678
  .0039418010  .0014443514
  .0039398546  .0014322230
  .0039379077  .0014202769
  .0039359613  .0014085190
  .0039340148  .0013969462
  .0039320680  .0013855561
  .0039301216  .0013743538
  .0039281747  .0013633340
  .0039262282  .0013525021
  .0039242818  .0013418555
  .0039223349  .0013313915
  .0039203885  .0013211153
  .0039184417  .0013110219
  .0039164952  .0013011161
  .0039145488  .0012913954
  .0039126019  .0012818579
  .0039106555  .0012725077
  .0039087091  .0012633428
  .0039067622  .0012543609
  .0039048156  .0012455654
  .0039028692  .0012369560
  .0039009225  .0012285309
  .0038989759  .0012202912
  .0038970292  .0012122365
  .0038950828  .0012043681
  .0038931362  .0011966840
  .0038911895  .0011891850
  .0038892428  .0011818714
  .0038872962  .0011747430
  .0038853498  .0011678007
  .0038834031  .0011610427
  .0038814565  .0011544700
  .0038795098  .0011480825
  .0038775634  .0011418811
  .0038756168  .0011358640
  .0038736701  .0011300323
  .0038717235  .0011243858
  .0038697768  .0011189245
  .0038678304  .0011136491
  .0038658838  .0011085583
  .0038639371  .0011036527
  .0038619904  .0010989321
  .0038600426  .0010943340
  .0038580946  .0010898095
  .0038561466  .0010853592
  .0038541986  .0010809831
  .0038522494  .0010766719
  .0038502997  .0010723876
  .0038483497  .0010681252
  .0038463997  .0010638851
  .0038444497  .0010596674
  .0038425000  .0010554725
  .0038405500  .0010512995
  .0038386000  .0010471487
  .0038366500  .0010430204
  .0038347000  .0010389144
  .0038327503  .0010348312
  .0038308003  .0010307699
  .0038288503  .0010267309
  .0038269003  .0010227143
  .0038249503  .0010187200
  .0038230006  .0010147485
  .0038210506  .0010107989
  .0038191006  .0010068717
  .0038171506  .0010029668
  .0038152008  .0009990847
  .0038132509  .0009952244
  .0038113009  .0009913866
  .0038093509  .0009875710
  .0038074009  .0009837778
  .0038054511  .0009800074
  .0038035011  .0009762589
  .0038015512  .0009725328
  .0037996012  .0009688290
  .0037976514  .0009651480
  .0037957014  .0009614888
  .0037937514  .0009578521
  .0037918015  .0009542376
  .0037898515  .0009506455
  .0037879017  .0009470762
  .0037859517  .0009435288
  .0037840017  .0009400037
  .0037820517  .0009365011
  .0037801020  .0009330211
  .0037781520  .0009295631
  .0037762020  .0009261274
  .0037742520  .0009227141
  .0037723021  .0009193232
  .0037703523  .0009159549
  .0037684023  .0009126086
  .0037664523  .0009092847
  .0037645023  .0009059831
  .0037625526  .0009027042
  .0037606026  .0008994472
  .0037586526  .0008962127
  .0037567026  .0008930004
  .0037547526  .0008898106
  .0037528028  .0008866434
  .0037508529  .0008834982
  .0037489029  .0008803754
  .0037469529  .0008772749
  .0037450031  .0008741971
  .0037430532  .0008711413
  .0037411031  .0008681078
  .0037391532  .0008650967
  .0037372032  .0008621079
  .0037352534  .0008591418
  .0037333034  .0008561977
  .0037313534  .0008532760
  .0037294034  .0008503766
  .0037274535  .0008474995
  .0037255043  .0008446430
  .0037235548  .0008418047
  .0037216054  .0008389848
  .0037196559  .0008361835
  .0037177067  .0008334010
  .0037157572  .0008306367
  .0037138078  .0008278910
  .0037118583  .0008251638
  .0037099088  .0008224549
  .0037079596  .0008197650
  .0037060102  .0008170934
  .0037040607  .0008144402
  .0037021113  .0008118055
  .0037001620  .0008091896
  .0036982126  .0008065920
  .0036962631  .0008040128
  .0036943137  .0008014522
  .0036923642  .0007989101
  .0036904150  .0007963868
  .0036884655  .0007938818
  .0036865161  .0007913952
  .0036845666  .0007889271
  .0036826174  .0007864779
  .0036806679  .0007840469
  .0036787185  .0007816344
  .0036767691  .0007792404
  .0036748195  .0007768649
  .0036728703  .0007745082
  .0036709209  .0007721698
  .0036689714  .0007698499
  .0036670220  .0007675485
  .0036650727  .0007652659
  .0036631233  .0007630015
  .0036611738  .0007607556
  .0036592244  .0007585282
  .0036572749  .0007563194
  .0036553257  .0007541294
  .0036533763  .0007519576
  .0036514267  .0007498043
  .0036494773  .0007476695
  .0036475279  .0007455533
  .0036455786  .0007434558
  .0036436292  .0007413765
  .0036416797  .0007393158
  .0036397302  .0007372736
  .0036377811  .0007352502
  .0036358316  .0007332450
  .0036338821  .0007312584
  .0036319327  .0007292902
  .0036299832  .0007273406
  .0036280340  .0007254097
  .0036260845  .0007234972
  .0036241351  .0007216031
  .0036221856  .0007197275
  .0036202364  .0007178707
  .0036182870  .0007160322
  .0036163374  .0007142121
  .0036143880  .0007124106
  .0036124386  .0007106277
  .0036104893  .0007088634
  .0036085399  .0007071175
  .0036065904  .0007053900
  .0036046409  .0007036811
  .0036026917  .0007019909
  .0036007423  .0007003190
  .0035987928  .0006986656
  .0035968434  .0006970308
  .0035948939  .0006954144
  .0035929447  .0006938168
  .0035909952  .0006922375
  .0035890458  .0006906767
  .0035870963  .0006891344
  .0035851471  .0006876108
  .0035831976  .0006861055
  .0035812482  .0006846188
  .0035792987  .0006831506
  .0035773493  .0006817009
  .0035754001  .0006802699
  .0035734506  .0006788572
  .0035715011  .0006774630
  .0035695517  .0006760873
  .0035676024  .0006747304
  .0035656519  .0006733901
  .0035637009  .0006720612
  .0035617498  .0006707434
  .0035597988  .0006694367
  .0035578479  .0006681411
  .0035558969  .0006668565
  .0035539459  .0006655829
  .0035519948  .0006643203
  .0035500437  .0006630688
  .0035480929  .0006618285
  .0035461419  .0006605991
  .0035441909  .0006593808
  .0035422398  .0006581734
  .0035402890  .0006569774
  .0035383379  .0006557921
  .0035363869  .0006546180
  .0035344358  .0006534549
  .0035324848  .0006523028
  .0035305340  .0006511620
  .0035285830  .0006500320
  .0035266319  .0006489131
  .0035246808  .0006478052
  .0035227300  .0006467086
  .0035207790  .0006456228
  .0035188279  .0006445481
  .0035168769  .0006434845
  .0035149258  .0006424318
  .0035129750  .0006413904
  .0035110240  .0006403599
  .0035090729  .0006393404
  .0035071219  .0006383321
  .0035051710  .0006373348
  .0035032200  .0006363485
  .0035012690  .0006353732
  .0034993179  .0006344090
  .0034973669  .0006334559
  .0034954160  .0006325139
  .0034934650  .0006315828
  .0034915140  .0006306628
  .0034895629  .0006297538
  .0034876121  .0006288560
  .0034856611  .0006279692
  .0034837095  .0006270919
  .0034817578  .0006262215
  .0034798061  .0006253579
  .0034778547  .0006245011
  .0034759030  .0006236509
  .0034739513  .0006228074
  .0034719996  .0006219708
  .0034700479  .0006211408
  .0034680964  .0006203177
  .0034661447  .0006195012
  .0034641931  .0006186915
  .0034622414  .0006178886
  .0034602899  .0006170924
  .0034583382  .0006163029
  .0034563865  .0006155202
  .0034544348  .0006147442
  .0034524831  .0006139749
  .0034505317  .0006132125
  .0034485800  .0006124567
  .0034466283  .0006117076
  .0034446766  .0006109653
  .0034427252  .0006102299
  .0034407735  .0006095011
  .0034388218  .0006087790
  .0034368701  .0006080637
  .0034349184  .0006073551
  .0034329669  .0006066533
  .0034310153  .0006059582
  .0034290635  .0006052699
  .0034271119  .0006045883
  .0034251604  .0006039135
  .0034232087  .0006032453
  .0034212570  .0006025840
  .0034193053  .0006019293
  .0034173537  .0006012814
  .0034154022  .0006006403
  .0034134505  .0006000059
  .0034114988  .0005993782
  .0034095471  .0005987573
  .0034075957  .0005981432
  .0034056440  .0005975358
  .0034036923  .0005969351
  .0034017406  .0005963411
  .0033997889  .0005957539
  .0033978375  .0005951735
  .0033958857  .0005945997
  .0033939341  .0005940327
  .0033919824  .0005934725
  .0033900309  .0005929190
  .0033880792  .0005923723
  .0033861276  .0005918323
  .0033841759  .0005912990
  .0033822242  .0005907725
  .0033802727  .0005902527
  .0033783211  .0005897397
  .0033763693  .0005892334
  .0033744177  .0005887338
  .0033724660  .0005882410
  .0033705145  .0005877550
  .0033685628  .0005872756
  .0033666111  .0005868030
  .0033646594  .0005863372
  .0033627080  .0005858761
  .0033607563  .0005854162
  .0033588046  .0005849575
  .0033568529  .0005844999
  .0033549013  .0005840434
  .0033529498  .0005835881
  .0033509982  .0005831339
  .0033490465  .0005826809
  .0033470948  .0005822290
  .0033451434  .0005817782
  .0033431917  .0005813286
  .0033412400  .0005808800
  .0033392883  .0005804326
  .0033373366  .0005799862
  .0033353851  .0005795406
  .0033334334  .0005790959
  .0033314817  .0005786521
  .0033295300  .0005782092
  .0033275785  .0005777673
  .0033256268  .0005773262
  .0033236750  .0005768860
  .0033217233  .0005764467
  .0033197716  .0005760083
  .0033178201  .0005755708
  .0033158684  .0005751342
  .0033139167  .0005746985
  .0033119650  .0005742637
  .0033100135  .0005738298
  .0033080618  .0005733968
  .0033061100  .0005729646
  .0033041583  .0005725334
  .0033022066  .0005721031
  .0033002552  .0005716737
  .0032983035  .0005712451
  .0032963517  .0005708175
  .0032944000  .0005703908
  .0032924485  .0005699650
  .0032904968  .0005695400
  .0032885451  .0005691160
  .0032865934  .0005686928
  .0032846417  .0005682705
  .0032826902  .0005678492
  .0032807385  .0005674288
  .0032787868  .0005670092
  .0032768350  .0005665905
  .0032748833  .0005661728
  .0032729319  .0005657559
  .0032709802  .0005653400
  .0032690284  .0005649249
  .0032670767  .0005645107
  .0032651252  .0005640974
  .0032631735  .0005636851
  .0032612218  .0005632736
  .0032592701  .0005628630
  .0032573184  .0005624533
  .0032553669  .0005620445
  .0032534152  .0005616366
  .0032514634  .0005612296
  .0032495117  .0005608235
  .0032475602  .0005604184
  .0032456085  .0005600140
  .0032436568  .0005596106
  .0032417051  .0005592081
  .0032397534  .0005588065
  .0032378019  .0005584058
  .0032358502  .0005580060
  .0032338984  .0005576071
  .0032319467  .0005572090
  .0032299952  .0005568119
  .0032280435  .0005564157
  .0032260918  .0005560204
  .0032241401  .0005556259
  .0032221884  .0005552324
  .0032202369  .0005548398
  .0032182852  .0005544480
  .0032163335  .0005540572
  .0032143817  .0005536672
  .0032124303  .0005532782
  .0032104786  .0005528900
  .0032085269  .0005525028
  .0032065752  .0005521164
  .0032046234  .0005517309
  .0032026719  .0005513464
  .0032007203  .0005509627
  .0031987685  .0005505800
  .0031968168  .0005501981
  .0031948651  .0005498171
  .0031929136  .0005494371
  .0031909620  .0005490579
  .0031890102  .0005486796
  .0031870585  .0005483023
  .0031851070  .0005479258
  .0031831553  .0005475503
  .0031812036  .0005471756
  .0031792519  .0005468018
  .0031773002  .0005464289
  .0031753487  .0005460570
  .0031733970  .0005456860
  .0031714453  .0005453158
  .0031694936  .0005449465
  .0031675421  .0005445782
  .0031655905  .0005442108
  .0031636387  .0005438442
  .0031616870  .0005434785
  .0031597353  .0005431138
  .0031577838  .0005427500
  .0031558321  .0005423870
  .0031538804  .0005420250
  .0031519287  .0005416638
  .0031499772  .0005413036
  .0031480255  .0005409443
  .0031460738  .0005405858
  .0031441220  .0005402283
  .0031421701  .0005398719
  .0031402184  .0005395165
  .0031382665  .0005391620
  .0031363146  .0005388086
  .0031343627  .0005384562
  .0031324111  .0005381049
  .0031304591  .0005377546
  .0031285073  .0005374053
  .0031265556  .0005370570
  .0031246042  .0005367092
  .0031226531  .0005363620
  .0031207018  .0005360151
  .0031187504  .0005356687
  .0031167991  .0005353227
  .0031148480  .0005349771
  .0031128966  .0005346320
  .0031109453  .0005342872
  .0031089939  .0005339429
  .0031070426  .0005335991
  .0031050914  .0005332557
  .0031031401  .0005329127
  .0031011887  .0005325701
  .0030992374  .0005322279
  .0030972860  .0005318862
  .0030953350  .0005315450
  .0030933837  .0005312041
  .0030914323  .0005308637
  .0030894810  .0005305237
  .0030875298  .0005301841
  .0030855785  .0005298450
  .0030836271  .0005295063
  .0030816758  .0005291680
  .0030797244  .0005288301
  .0030777733  .0005284927
  .0030758220  .0005281557
  .0030738706  .0005278192
  .0030719193  .0005274830
  .0030699682  .0005271473
  .0030680168  .0005268121
  .0030660655  .0005264772
  .0030641142  .0005261428
  .0030621628  .0005258088
  .0030602117  .0005254752
  .0030582604  .0005251421
  .0030563090  .0005248094
  .0030543577  .0005244771
  .0030524065  .0005241453
  .0030504552  .0005238139
  .0030485038  .0005234829
  .0030465525  .0005231523
  .0030446011  .0005228221
  .0030426501  .0005224925
  .0030406987  .0005221632
  .0030387474  .0005218344
  .0030367961  .0005215059
  .0030348449  .0005211780
  .0030328936  .0005208504
  .0030309422  .0005205233
  .0030289909  .0005201966
  .0030270395  .0005198703
  .0030250884  .0005195445
  .0030231371  .0005192191
  .0030211857  .0005188941
  .0030192344  .0005185695
  .0030172830  .0005182454
  .0030153320  .0005179217
  .0030133806  .0005175984
  .0030114292  .0005172756
  .0030094778  .0005169532
  .0030075268  .0005166312
  .0030055754  .0005163097
  .0030036241  .0005159885
  .0030016728  .0005156678
  .0029997214  .0005153475
  .0029977703  .0005150277
  .0029958189  .0005147083
  .0029938676  .0005143893
  .0029919162  .0005140708
  .0029899650  .0005137526
  .0029880136  .0005134346
  .0029860620  .0005131170
  .0029841106  .0005127996
  .0029821592  .0005124826
  .0029802079  .0005121660
  .0029782565  .0005118496
  .0029763050  .0005115335
  .0029743536  .0005112177
  .0029724024  .0005109023
  .0029704510  .0005105871
  .0029684994  .0005102722
  .0029665480  .0005099577
  .0029645966  .0005096435
  .0029626453  .0005093296
  .0029606940  .0005090160
  .0029587425  .0005087027
  .0029567911  .0005083897
  .0029548398  .0005080770
  .0029528883  .0005077646
  .0029509369  .0005074525
  .0029489855  .0005071407
  .0029470340  .0005068292
  .0029450828  .0005065181
  .0029431314  .0005062071
  .0029411799  .0005058965
  .0029392285  .0005055862
  .0029372773  .0005052762
  .0029353258  .0005049664
  .0029333744  .0005046570
  .0029314230  .0005043478
  .0029294715  .0005040389
  .0029275203  .0005037304
  .0029255690  .0005034221
  .0029236174  .0005031141
  .0029216660  .0005028064
  .0029197146  .0005024990
  .0029177634  .0005021919
  .0029158119  .0005018851
  .0029138605  .0005015785
  .0029119089  .0005012723
  .0029099578  .0005009663
  .0029080064  .0005006607
  .0029060549  .0005003553
  .0029041035  .0005000502
  .0029021521  .0004997454
  .0029002009  .0004994410
  .0028982494  .0004991368
  .0028962980  .0004988329
  .0028943466  .0004985292
  .0028923953  .0004982259
  .0028904438  .0004979229
  .0028884925  .0004976202
  .0028865409  .0004973177
  .0028845896  .0004970156
  .0028826384  .0004967137
  .0028806869  .0004964121
  .0028787355  .0004961109
  .0028767840  .0004958099
  .0028748329  .0004955092
  .0028728814  .0004952088
  .0028709300  .0004949087
  .0028689786  .0004946088
  .0028670270  .0004943093
  .0028650759  .0004940101
  .0028631244  .0004937111
  .0028611729  .0004934125
  .0028592215  .0004931141
  .0028572703  .0004928161
  .0028553188  .0004925183
  .0028533674  .0004922208
  .0028514160  .0004919236
  .0028494646  .0004916267
  .0028475134  .0004913301
  .0028455619  .0004910338
  .0028436104  .0004907377
  .0028416590  .0004904420
  .0028397078  .0004901466
  .0028377563  .0004898514
  .0028358050  .0004895566
  .0028338535  .0004892620
  .0028319020  .0004889677
  .0028299509  .0004886737
  .0028279994  .0004883800
  .0028260480  .0004880866
  .0028240965  .0004877935
  .0028221451  .0004875007
  .0028201939  .0004872082
  .0028182424  .0004869160
  .0028162910  .0004866240
  .0028143394  .0004863323
  .0028123884  .0004860410
  .0028104369  .0004857500
  .0028084854  .0004854592
  .0028065340  .0004851687
  .0028045826  .0004848785
  .0028026314  .0004845886
  .0028006799  .0004842990
  .0027987285  .0004840097
  .0027967771  .0004837207
  .0027948258  .0004834319
  .0027928744  .0004831435
  .0027909230  .0004828553
  .0027889715  .0004825675
  .0027870201  .0004822799
  .0027850689  .0004819927
  .0027831174  .0004817057
  .0027811660  .0004814190
  .0027792146  .0004811326
  .0027772634  .0004808465
  .0027753119  .0004805607
  .0027733605  .0004802752
  .0027714090  .0004799899
  .0027694576  .0004797050
  .0027675064  .0004794204
  .0027655550  .0004791360
  .0027636035  .0004788519
  .0027616520  .0004785682
  .0027597009  .0004782847
  .0027577494  .0004780015
  .0027557979  .0004777186
  .0027538466  .0004774360
  .0027518950  .0004771537
  .0027499438  .0004768717
  .0027479924  .0004765900
  .0027460409  .0004763085
  .0027440895  .0004760274
  .0027421380  .0004757465
  .0027401868  .0004754660
  .0027382355  .0004751857
  .0027362840  .0004749057
  .0027343325  .0004746260
  .0027323813  .0004743467
  .0027304299  .0004740676
  .0027284785  .0004737887
  .0027265270  .0004735102
  .0027245756  .0004732320
  .0027226245  .0004729541
  .0027206730  .0004726764
  .0027187216  .0004723991
  .0027167700  .0004721220
  .0027148189  .0004718453
  .0027128675  .0004715688
  .0027109159  .0004712926
  .0027089645  .0004710167
  .0027070131  .0004707411
  .0027050619  .0004704658
  .0027031104  .0004701908
  .0027011590  .0004699161
  .0026992076  .0004696416
  .0026972563  .0004693675
  .0026953049  .0004690937
  .0026933535  .0004688201
  .0026914021  .0004685468
  .0026894506  .0004682739
  .0026874994  .0004680012
  .0026855479  .0004677288
  .0026835965  .0004674567
  .0026816451  .0004671849
  .0026796940  .0004669134
  .0026777424  .0004666422
  .0026757910  .0004663712
  .0026738395  .0004661006
  .0026718881  .0004658302
  .0026699369  .0004655602
  .0026679854  .0004652904
  .0026660340  .0004650210
  .0026640826  .0004647518
  .0026621314  .0004644829
  .0026601799  .0004642143
  .0026582285  .0004639460
  .0026562771  .0004636780
  .0026543255  .0004634103
  .0026523744  .0004631429
  .0026504230  .0004628757
  .0026484714  .0004626089
  .0026465201  .0004623423
  .0026445686  .0004620760
  .0026426173  .0004618101
  .0026406660  .0004615444
  .0026387145  .0004612790
  .0026367631  .0004610139
  .0026348118  .0004607491
  .0026328605  .0004604846
  .0026309090  .0004602204
  .0026289576  .0004599565
  .0026270062  .0004596928
  .0026250549  .0004594295
  .0026231035  .0004591665
  .0026211521  .0004589037
  .0026192006  .0004586412
  .0026172494  .0004583791
  .0026152980  .0004581172
  .0026133466  .0004578556
  .0026113952  .0004575943
  .0026094437  .0004573333
  .0026074925  .0004570726
  .0026055409  .0004568122
  .0026035896  .0004565520
  .0026016382  .0004562922
  .0025996868  .0004560326
  .0025977354  .0004557734
  .0025957840  .0004555144
  .0025938325  .0004552557
  .0025918811  .0004549974
  .0025899299  .0004547393
  .0025879784  .0004544815
  .0025860270  .0004542240
  .0025840757  .0004539668
  .0025821244  .0004537099
  .0025801729  .0004534532
  .0025782215  .0004531969
  .0025762700  .0004529408
  .0025743186  .0004526851
  .0025723675  .0004524296
  .0025704160  .0004521745
  .0025684645  .0004519196
  .0025665131  .0004516650
  .0025645617  .0004514107
  .0025626105  .0004511567
  .0025606590  .0004509030
  .0025587077  .0004506496
  .0025567562  .0004503964
  .0025548050  .0004501436
  .0025528536  .0004498911
  .0025509020  .0004496388
  .0025489506  .0004493868
  .0025469990  .0004491351
  .0025450478  .0004488838
  .0025430966  .0004486327
  .0025411451  .0004483819
  .0025391936  .0004481314
  .0025372423  .0004478812
  .0025352910  .0004476313
  .0025333395  .0004473817
  .0025313881  .0004471323
  .0025294367  .0004468833
  .0025274855  .0004466346
  .0025255340  .0004463861
  .0025235826  .0004461379
  .0025216311  .0004458900
  .0025196799  .0004456425
  .0025177285  .0004453952
  .0025157770  .0004451482
  .0025138256  .0004449015
  .0025118742  .0004446550
  .0025099230  .0004444089
  .0025079714  .0004441631
  .0025060201  .0004439176
  .0025040687  .0004436723
  .0025021174  .0004434274
  .0025001660  .0004431827
  .0024982146  .0004429383
  .0024962631  .0004426942
  .0024943116  .0004424504
  .0024923605  .0004422070
  .0024904090  .0004419637
  .0024884576  .0004417208
  .0024865062  .0004414782
  .0024845548  .0004412359
  .0024826035  .0004409939
  .0024806521  .0004407521
  .0024787005  .0004405106
  .0024767491  .0004402695
  .0024747979  .0004400286
  .0024728466  .0004397880
  .0024708951  .0004395477
  .0024689436  .0004393077
  .0024669921  .0004390680
  .0024650409  .0004388286
  .0024630895  .0004385895
  .0024611381  .0004383507
  .0024591867  .0004381121
  .0024572355  .0004378739
  .0024552840  .0004376360
  .0024533325  .0004373983
  .0024513812  .0004371609
  .0024494297  .0004369238
  .0024474784  .0004366871
  .0024455270  .0004364506
  .0024435756  .0004362144
  .0024416242  .0004359785
  .0024396729  .0004357429
  .0024377216  .0004355075
  .0024357700  .0004352725
  .0024338186  .0004350377
  .0024318673  .0004348033
  .0024299161  .0004345692
  .0024279645  .0004343353
  .0024260131  .0004341017
  .0024240616  .0004338684
  .0024221104  .0004336354
  .0024201590  .0004334027
  .0024182075  .0004331703
  .0024162561  .0004329382
  .0024143047  .0004327064
  .0024123536  .0004324749
  .0024104020  .0004322436
  .0024084506  .0004320127
  .0024064992  .0004317820
  .0024045479  .0004315516
  .0024025965  .0004313216
  .0024006451  .0004310918
  .0023986936  .0004308623
  .0023967422  .0004306331
  .0023947910  .0004304042
  .0023928396  .0004301756
  .0023908881  .0004299473
  .0023889367  .0004297192
  .0023869854  .0004294915
  .0023850340  .0004292640
  .0023830826  .0004290369
  .0023811311  .0004288100
  .0023791797  .0004285834
  .0023772285  .0004283572
  .0023752769  .0004281312
  .0023733256  .0004279055
  .0023713742  .0004276801
  .0023694227  .0004274550
  .0023674714  .0004272302
  .0023655201  .0004270056
  .0023635686  .0004267814
  .0023616172  .0004265574
  .0023596660  .0004263338
  .0023577145  .0004261104
  .0023557631  .0004258874
  .0023538117  .0004256646
  .0023518603  .0004254421
  .0023499090  .0004252199
  .0023479575  .0004249980
  .0023460062  .0004247764
  .0023440547  .0004245551
  .0023421035  .0004243341
  .0023401521  .0004241133
  .0023382005  .0004238929
  .0023362492  .0004236727
  .0023342977  .0004234529
  .0023323466  .0004232333
  .0023303951  .0004230140
  .0023284437  .0004227950
  .0023264921  .0004225763
  .0023245410  .0004223580
  .0023225896  .0004221399
  .0023206380  .0004219220
  .0023186866  .0004217045
  .0023167353  .0004214873
  .0023147841  .0004212704
  .0023128325  .0004210537
  .0023108812  .0004208373
  .0023089297  .0004206213
  .0023069784  .0004204055
  .0023050271  .0004201900
  .0023030756  .0004199748
  .0023011241  .0004197599
  .0022991727  .0004195453
  .0022972215  .0004193310
  .0022952700  .0004191170
  .0022933186  .0004189032
  .0022913673  .0004186898
  .0022894157  .0004184766
  .0022874645  .0004182638
  .0022855132  .0004180513
  .0022835616  .0004178390
  .0022816103  .0004176270
  .0022796590  .0004174153
  .0022777075  .0004172039
  .0022757562  .0004169928
  .0022738047  .0004167820
  .0022718531  .0004165715
  .0022699020  .0004163613
  .0022679506  .0004161513
  .0022659991  .0004159417
  .0022640477  .0004157323
  .0022620966  .0004155233
  .0022601450  .0004153145
  .0022581937  .0004151060
  .0022562422  .0004148978
  .0022542908  .0004146899
  .0022523396  .0004144823
  .0022503881  .0004142750
  .0022484367  .0004140680
  .0022464852  .0004138613
  .0022445340  .0004136548
  .0022425826  .0004134487
  .0022406311  .0004132428
  .0022386797  .0004130373
  .0022367282  .0004128320
  .0022347770  .0004126270
  .0022328256  .0004124224
  .0022308741  .0004122180
  .0022289227  .0004120139
  .0022269714  .0004118101
  .0022250201  .0004116065
  .0022230687  .0004114033
  .0022211172  .0004112004
  .0022191658  .0004109977
  .0022172145  .0004107954
  .0022152631  .0004105933
  .0022133117  .0004103916
  .0022113603  .0004101901
  .0022094090  .0004099889
  .0022074574  .0004097880
  .0022055062  .0004095874
  .0022035547  .0004093871
  .0022016032  .0004091871
  .0021996522  .0004089874
  .0021977006  .0004087880
  .0021957491  .0004085888
  .0021937976  .0004083899
  .0021918462  .0004081914
  .0021898951  .0004079932
  .0021879435  .0004077952
  .0021859923  .0004075975
  .0021840407  .0004074001
  .0021820895  .0004072030
  .0021801382  .0004070062
  .0021781867  .0004068097
  .0021762352  .0004066134
  .0021742838  .0004064173
  .0021723326  .0004062215
  .0021703814  .0004060259
  .0021684299  .0004058306
  .0021664784  .0004056354
  .0021645272  .0004054405
  .0021625761  .0004052458
  .0021606246  .0004050513
  .0021586732  .0004048571
  .0021567217  .0004046631
  .0021547706  .0004044693
  .0021528194  .0004042758
  .0021508679  .0004040824
  .0021489165  .0004038893
  .0021469652  .0004036965
  .0021450138  .0004035038
  .0021430626  .0004033114
  .0021411111  .0004031192
  .0021391597  .0004029273
  .0021372084  .0004027355
  .0021352572  .0004025440
  .0021333058  .0004023528
  .0021313544  .0004021617
  .0021294031  .0004019709
  .0021274517  .0004017803
  .0021255005  .0004015899
  .0021235490  .0004013998
  .0021215976  .0004012098
  .0021196463  .0004010202
  .0021176951  .0004008307
  .0021157437  .0004006415
  .0021137924  .0004004525
  .0021118408  .0004002637
  .0021098897  .0004000752
  .0021079385  .0003998869
  .0021059870  .0003996988
  .0021040356  .0003995109
  .0021020843  .0003993233
  .0021001329  .0003991358
  .0020981817  .0003989487
  .0020962303  .0003987617
  .0020942788  .0003985750
  .0020923275  .0003983885
  .0020903763  .0003982022
  .0020884249  .0003980162
  .0020864735  .0003978303
  .0020845222  .0003976447
  .0020825708  .0003974594
  .0020806196  .0003972743
  .0020786681  .0003970893
  .0020767167  .0003969046
  .0020747655  .0003967202
  .0020728142  .0003965360
  .0020708628  .0003963520
  .0020689114  .0003961682
  .0020669601  .0003959847
  .0020650087  .0003958013
  .0020630574  .0003956183
  .0020611061  .0003954354
  .0020591546  .0003952528
  .0020572034  .0003950704
  .0020552521  .0003948882
  .0020533007  .0003947062
  .0020513494  .0003945245
  .0020493981  .0003943430
  .0020474467  .0003941618
  .0020454955  .0003939807
  .0020435440  .0003937999
  .0020415926  .0003936193
  .0020396413  .0003934390
  .0020376899  .0003932588
  .0020357387  .0003930789
  .0020337872  .0003928992
  .0020318360  .0003927198
  .0020298846  .0003925406
  .0020279333  .0003923616
  .0020259819  .0003921828
  .0020240305  .0003920043
  .0020220792  .0003918260
  .0020201278  .0003916479
  .0020181766  .0003914700
  .0020162251  .0003912924
  .0020142737  .0003911150
  .0020123225  .0003909378
  .0020103710  .0003907609
  .0020084198  .0003905842
  .0020064684  .0003904077
  .0020045172  .0003902314
  .0020025657  .0003900554
  .0020006145  .0003898796
  .0019986630  .0003897040
  .0019967116  .0003895286
  .0019947605  .0003893535
  .0019928090  .0003891786
  .0019908578  .0003890039
  .0019889064  .0003888295
  .0019869551  .0003886553
  .0019850037  .0003884813
  .0019830525  .0003883075
  .0019811010  .0003881340
  .0019791496  .0003879607
  .0019771984  .0003877876
  .0019752469  .0003876148
  .0019732957  .0003874421
  .0019713443  .0003872697
  .0019693930  .0003870976
  .0019674416  .0003869256
  .0019654902  .0003867539
  .0019635389  .0003865824
  .0019615875  .0003864112
  .0019596362  .0003862401
  .0019576848  .0003860693
  .0019557335  .0003858988
  .0019537821  .0003857284
  .0019518308  .0003855583
  .0019498794  .0003853884
  .0019479282  .0003852187
  .0019459768  .0003850493
  .0019440256  .0003848801
  .0019420740  .0003847111
  .0019401228  .0003845423
  .0019381714  .0003843738
  .0019362202  .0003842055
  .0019342688  .0003840374
  .0019323174  .0003838696
  .0019303660  .0003837020
  .0019284148  .0003835346
  .0019264635  .0003833674
  .0019245120  .0003832005
  .0019225607  .0003830338
  .0019206095  .0003828673
  .0019186581  .0003827011
  .0019167067  .0003825350
  .0019147552  .0003823692
  .0019128042  .0003822036
  .0019108528  .0003820382
  .0019089016  .0003818730
  .0019069503  .0003817080
  .0019049992  .0003815432
  .0019030477  .0003813786
  .0019010966  .0003812142
  .0018991455  .0003810500
  .0018971942  .0003808859
  .0018952430  .0003807221
  .0018932917  .0003805585
  .0018913406  .0003803950
  .0018893891  .0003802317
  .0018874381  .0003800687
  .0018854868  .0003799058
  .0018835354  .0003797432
  .0018815842  .0003795807
  .0018796331  .0003794184
  .0018776818  .0003792563
  .0018757305  .0003790944
  .0018737794  .0003789328
  .0018718281  .0003787712
  .0018698769  .0003786099
  .0018679256  .0003784488
  .0018659744  .0003782879
  .0018640231  .0003781272
  .0018620719  .0003779667
  .0018601206  .0003778063
  .0018581695  .0003776462
  .0018562181  .0003774862
  .0018542670  .0003773265
  .0018523157  .0003771669
  .0018503644  .0003770076
  .0018484133  .0003768484
  .0018464620  .0003766895
  .0018445107  .0003765307
  .0018425595  .0003763721
  .0018406083  .0003762137
  .0018386571  .0003760555
  .0018367058  .0003758975
  .0018347545  .0003757397
  .0018328034  .0003755821
  .0018308519  .0003754247
  .0018289009  .0003752675
  .0018269496  .0003751105
  .0018249983  .0003749536
  .0018230472  .0003747970
  .0018210960  .0003746406
  .0018191448  .0003744843
  .0018171933  .0003743283
  .0018152422  .0003741724
  .0018132909  .0003740167
  .0018113397  .0003738613
  .0018093884  .0003737060
  .0018074373  .0003735509
  .0018054859  .0003733960
  .0018035347  .0003732414
  .0018015836  .0003730869
  .0017996322  .0003729326
  .0017976811  .0003727785
  .0017957298  .0003726246
  .0017937787  .0003724709
  .0017918272  .0003723173
  .0017898762  .0003721640
  .0017879249  .0003720109
  .0017859736  .0003718579
  .0017840223  .0003717052
  .0017820712  .0003715527
  .0017801199  .0003714003
  .0017781686  .0003712481
  .0017762175  .0003710962
  .0017742662  .0003709444
  .0017723149  .0003707928
  .0017703637  .0003706415
  .0017684125  .0003704903
  .0017664611  .0003703393
  .0017645100  .0003701885
  .0017625587  .0003700379
  .0017606074  .0003698875
  .0017586562  .0003697373
  .0017567051  .0003695873
  .0017547538  .0003694375
  .0017528025  .0003692878
  .0017508514  .0003691384
  .0017489002  .0003689892
  .0017469489  .0003688401
  .0017449976  .0003686913
  .0017430464  .0003685426
  .0017410952  .0003683942
  .0017391439  .0003682459
  .0017371926  .0003680978
  .0017352416  .0003679500
  .0017332901  .0003678023
  .0017313390  .0003676548
  .0017293877  .0003675075
  .0017274364  .0003673604
  .0017254853  .0003672135
  .0017235339  .0003670668
  .0017215827  .0003669203
  .0017196314  .0003667740
  .0017176803  .0003666279
  .0017157291  .0003664819
  .0017137778  .0003663362
  .0017118265  .0003661906
  .0017098754  .0003660453
  .0017079241  .0003659002
  .0017059728  .0003657552
  .0017040217  .0003656105
  .0017020703  .0003654659
  .0017001192  .0003653215
  .0016981679  .0003651773
  .0016962168  .0003650334
  .0016942653  .0003648896
  .0016923143  .0003647460
  .0016903629  .0003646026
  .0016884116  .0003644594
  .0016864604  .0003643164
  .0016845092  .0003641736
  .0016825580  .0003640309
  .0016806067  .0003638885
  .0016786557  .0003637463
  .0016767044  .0003636043
  .0016747530  .0003634624
  .0016728018  .0003633208
  .0016708506  .0003631793
  .0016688992  .0003630381
  .0016669481  .0003628970
  .0016649969  .0003627561
  .0016630456  .0003626155
  .0016610943  .0003624750
  .0016591432  .0003623347
  .0016571919  .0003621946
  .0016552406  .0003620547
  .0016532895  .0003619150
  .0016513383  .0003617755
  .0016493869  .0003616362
  .0016474357  .0003614971
  .0016454845  .0003613582
  .0016435332  .0003612195
  .0016415820  .0003610809
  .0016396307  .0003609426
  .0016376796  .0003608045
  .0016357281  .0003606665
  .0016337771  .0003605288
  .0016318258  .0003603912
  .0016298745  .0003602538
  .0016279234  .0003601167
  .0016259721  .0003599797
  .0016240209  .0003598429
  .0016220695  .0003597063
  .0016201185  .0003595700
  .0016181670  .0003594338
  .0016162159  .0003592978
  .0016142646  .0003591620
  .0016123136  .0003590264
  .0016103622  .0003588909
  .0016084109  .0003587557
  .0016064599  .0003586207
  .0016045084  .0003584859
  .0016025573  .0003583512
  .0016006060  .0003582168
  .0015986549  .0003580825
  .0015967034  .0003579485
  .0015947524  .0003578146
  .0015928011  .0003576810
  .0015908498  .0003575475
  .0015888985  .0003574142
  .0015869474  .0003572811
  .0015849961  .0003571483
  .0015830449  .0003570156
  .0015810938  .0003568831
  .0015791423  .0003567508
  .0015771911  .0003566187
  .0015752399  .0003564867
  .0015732887  .0003563550
  .0015713373  .0003562235
  .0015693862  .0003560922
  .0015674350  .0003559611
  .0015654837  .0003558301
  .0015635324  .0003556994
  .0015615813  .0003555688
  .0015596300  .0003554385
  .0015576787  .0003553083
  .0015557276  .0003551783
  .0015537763  .0003550486
  .0015518250  .0003549190
  .0015498738  .0003547896
  .0015479226  .0003546604
  .0015459712  .0003545314
  .0015440201  .0003544026
  .0015420688  .0003542740
  .0015401176  .0003541456
  .0015381663  .0003540174
  .0015362152  .0003538894
  .0015342641  .0003537616
  .0015323126  .0003536339
  .0015303615  .0003535065
  .0015284102  .0003533793
  .0015264589  .0003532522
  .0015245076  .0003531254
  .0015225566  .0003529987
  .0015206051  .0003528723
  .0015186540  .0003527460
  .0015167027  .0003526199
  .0015147516  .0003524941
  .0015128002  .0003523684
  .0015108490  .0003522429
  .0015088980  .0003521176
  .0015069464  .0003519925
  .0015049954  .0003518676
  .0015030441  .0003517429
  .0015010929  .0003516184
  .0014991416  .0003514940
  .0014971904  .0003513699
  .0014952392  .0003512460
  .0014932878  .0003511223
  .0014913367  .0003509987
  .0014893854  .0003508754
  .0014874343  .0003507522
  .0014854828  .0003506293
  .0014835318  .0003505065
  .0014815805  .0003503839
  .0014796292  .0003502616
  .0014776781  .0003501394
  .0014757268  .0003500174
  .0014737755  .0003498956
  .0014718244  .0003497740
  .0014698730  .0003496526
  .0014679218  .0003495314
  .0014659704  .0003494104
  .0014640193  .0003492896
  .0014620682  .0003491690
  .0014601167  .0003490485
  .0014581654  .0003489282
  .0014562143  .0003488081
  .0014542628  .0003486882
  .0014523118  .0003485685
  .0014503603  .0003484489
  .0014484093  .0003483295
  .0014464578  .0003482103
  .0014445066  .0003480912
  .0014425554  .0003479724
  .0014406041  .0003478537
  .0014386529  .0003477352
  .0014367017  .0003476168
  .0014347504  .0003474987
  .0014327990  .0003473807
  .0014308477  .0003472629
  .0014288964  .0003471452
  .0014269453  .0003470278
  .0014249938  .0003469105
  .0014230427  .0003467934
  .0014210914  .0003466765
  .0014191403  .0003465597
  .0014171888  .0003464431
  .0014152377  .0003463267
  .0014132863  .0003462105
  .0014113351  .0003460945
  .0014093837  .0003459786
  .0014074324  .0003458629
  .0014054811  .0003457473
  .0014035300  .0003456320
  .0014015787  .0003455168
  .0013996272  .0003454018
  .0013976763  .0003452870
  .0013957248  .0003451724
  .0013937737  .0003450579
  .0013918223  .0003449436
  .0013898714  .0003448295
  .0013879198  .0003447156
  .0013859688  .0003446018
  .0013840174  .0003444882
  .0013820659  .0003443748
  .0013801148  .0003442616
  .0013781634  .0003441485
  .0013762122  .0003440356
  .0013742608  .0003439229
  .0013723098  .0003438104
  .0013703582  .0003436980
  .0013684073  .0003435859
  .0013664558  .0003434739
  .0013645045  .0003433621
  .0013625534  .0003432504
  .0013606018  .0003431389
  .0013586509  .0003430276
  .0013566993  .0003429165
  .0013547484  .0003428056
  .0013527969  .0003426948
  .0013508456  .0003425842
  .0013488944  .0003424738
  .0013469431  .0003423635
  .0013449920  .0003422535
  .0013430407  .0003421436
  .0013410893  .0003420339
  .0013391383  .0003419243
  .0013371869  .0003418150
  .0013352353  .0003417058
  .0013332842  .0003415968
  .0013313329  .0003414879
  .0013293818  .0003413793
  .0013274304  .0003412708
  .0013254792  .0003411625
  .0013235279  .0003410544
  .0013215766  .0003409464
  .0013196253  .0003408386
  .0013176743  .0003407310
  .0013157228  .0003406235
  .0013137718  .0003405162
  .0013118201  .0003404090
  .0013098692  .0003403020
  .0013079178  .0003401951
  .0013059667  .0003400884
  .0013040155  .0003399819
  .0013020641  .0003398755
  .0013001129  .0003397692
  .0012981615  .0003396632
  .0012962104  .0003395572
  .0012942592  .0003394515
  .0012923078  .0003393459
  .0012903566  .0003392404
  .0012884053  .0003391351
  .0012864541  .0003390300
  .0012845027  .0003389250
  .0012825517  .0003388201
  .0012806001  .0003387155
  .0012786491  .0003386109
  .0012766979  .0003385066
  .0012747465  .0003384024
  .0012727953  .0003382983
  .0012708439  .0003381944
  .0012688929  .0003380907
  .0012669414  .0003379871
  .0012649904  .0003378837
  .0012630388  .0003377804
  .0012610878  .0003376773
  .0012591365  .0003375743
  .0012571853  .0003374715
  .0012552339  .0003373689
  .0012532826  .0003372664
  .0012513316  .0003371641
  .0012493800  .0003370619
  .0012474291  .0003369599
  .0012454778  .0003368580
  .0012435265  .0003367563
  .0012415752  .0003366547
  .0012396240  .0003365533
  .0012376728  .0003364521
  .0012357213  .0003363510
  .0012337703  .0003362501
  .0012318188  .0003361493
  .0012298677  .0003360487
  .0012279165  .0003359482
  .0012259652  .0003358479
  .0012240139  .0003357478
  .0012220626  .0003356478
  .0012201116  .0003355480
  .0012181600  .0003354483
  .0012162089  .0003353487
  .0012142575  .0003352494
  .0012123064  .0003351502
  .0012103551  .0003350511
  .0012084038  .0003349522
  .0012064528  .0003348535
  .0012045012  .0003347549
  .0012025503  .0003346565
  .0012005987  .0003345582
  .0011986477  .0003344601
  .0011966963  .0003343621
  .0011947452  .0003342643
  .0011927941  .0003341666
  .0011908425  .0003340691
  .0011888915  .0003339718
  .0011869399  .0003338746
  .0011849890  .0003337776
  .0011830374  .0003336807
  .0011810864  .0003335840
  .0011791350  .0003334874
  .0011771838  .0003333910
  .0011752327  .0003332948
  .0011732812  .0003331987
  .0011713302  .0003331028
  .0011693787  .0003330070
  .0011674276  .0003329114
  .0011654763  .0003328159
  .0011635251  .0003327206
  .0011615737  .0003326254
  .0011596225  .0003325304
  .0011576713  .0003324356
  .0011557199  .0003323409
  .0011537688  .0003322464
  .0011518173  .0003321520
  .0011498663  .0003320578
  .0011479150  .0003319637
  .0011459637  .0003318698
  .0011440124  .0003317761
  .0011420612  .0003316825
  .0011401101  .0003315890
  .0011381586  .0003314957
  .0011362075  .0003314026
  .0011342560  .0003313096
  .0011323051  .0003312169
  .0011303537  .0003311242
  .0011284024  .0003310317
  .0011264513  .0003309394
  .0011244998  .0003308471
  .0011225488  .0003307551
  .0011205972  .0003306632
  .0011186463  .0003305715
  .0011166949  .0003304800
  .0011147437  .0003303886
  .0011127923  .0003302973
  .0011108412  .0003302062
  .0011088900  .0003301153
  .0011069386  .0003300245
  .0011049875  .0003299339
  .0011030359  .0003298434
  .0011010850  .0003297531
  .0010991336  .0003296629
  .0010971824  .0003295729
  .0010952312  .0003294831
  .0010932797  .0003293934
  .0010913287  .0003293038
  .0010893772  .0003292144
  .0010874261  .0003291252
  .0010854749  .0003290362
  .0010835236  .0003289473
  .0010815725  .0003288585
  .0010796210  .0003287699
  .0010776700  .0003286815
  .0010757184  .0003285932
  .0010737674  .0003285050
  .0010718159  .0003284171
  .0010698648  .0003283292
  .0010679135  .0003282416
  .0010659623  .0003281541
  .0010640112  .0003280667
  .0010620597  .0003279795
  .0010601087  .0003278925
  .0010581571  .0003278056
  .0010562061  .0003277189
  .0010542545  .0003276323
  .0010523035  .0003275459
  .0010503524  .0003274597
  .0010484010  .0003273735
  .0010464499  .0003272876
  .0010444984  .0003272018
  .0010425474  .0003271162
  .0010405957  .0003270307
  .0010386448  .0003269454
  .0010366934  .0003268602
  .0010347422  .0003267752
  .0010327908  .0003266903
  .0010308397  .0003266057
  .0010288886  .0003265211
  .0010269371  .0003264367
  .0010249860  .0003263525
  .0010230345  .0003262684
  .0010210835  .0003261845
  .0010191322  .0003261008
  .0010171810  .0003260172
  .0010152298  .0003259337
  .0010132783  .0003258504
  .0010113272  .0003257673
  .0010093757  .0003256843
  .0010074247  .0003256015
  .0010054732  .0003255188
  .0010035221  .0003254363
  .0010015708  .0003253539
  .0009996196  .0003252717
  .0009976686  .0003251897
  .0009957170  .0003251078
  .0009937660  .0003250261
  .0009918144  .0003249445
  .0009898634  .0003248631
  .0009879120  .0003247818
  .0009859608  .0003247007
  .0009840098  .0003246198
  .0009820583  .0003245390
  .0009801072  .0003244583
  .0009781556  .0003243778
  .0009762047  .0003242975
  .0009742531  .0003242173
  .0009723021  .0003241373
  .0009703510  .0003240575
  .0009683995  .0003239778
  .0009664484  .0003238982
  .0009644970  .0003238188
  .0009625459  .0003237396
  .0009605945  .0003236605
  .0009586433  .0003235816
  .0009566922  .0003235028
  .0009547407  .0003234242
  .0009527896  .0003233458
  .0009508382  .0003232675
  .0009488871  .0003231893
  .0009469356  .0003231113
  .0009449846  .0003230335
  .0009430331  .0003229558
  .0009410820  .0003228783
  .0009391309  .0003228010
  .0009371794  .0003227238
  .0009352284  .0003226467
  .0009332769  .0003225698
  .0009313259  .0003224931
  .0009293743  .0003224165
  .0009274233  .0003223401
  .0009254718  .0003222638
  .0009235206  .0003221877
  .0009215696  .0003221118
  .0009196181  .0003220359
  .0009176671  .0003219603
  .0009157156  .0003218848
  .0009137645  .0003218095
  .0009118130  .0003217343
  .0009098620  .0003216593
  .0009079107  .0003215844
  .0009059594  .0003215097
  .0009040083  .0003214352
  .0009020568  .0003213608
  .0009001058  .0003212865
  .0008981542  .0003212124
  .0008962032  .0003211385
  .0008942517  .0003210647
  .0008923006  .0003209911
  .0008903493  .0003209177
  .0008883981  .0003208444
  .0008864470  .0003207712
  .0008844955  .0003206982
  .0008825444  .0003206254
  .0008805930  .0003205527
  .0008786419  .0003204802
  .0008766906  .0003204078
  .0008747393  .0003203356
  .0008727883  .0003202636
  .0008708367  .0003201917
  .0008688856  .0003201199
  .0008669342  .0003200483
  .0008649831  .0003199769
  .0008630317  .0003199056
  .0008610806  .0003198345
  .0008591295  .0003197636
  .0008571780  .0003196928
  .0008552269  .0003196221
  .0008532754  .0003195516
  .0008513244  .0003194813
  .0008493728  .0003194111
  .0008474218  .0003193411
  .0008454706  .0003192712
  .0008435193  .0003192015
  .0008415682  .0003191319
  .0008396167  .0003190625
  .0008376656  .0003189933
  .0008357141  .0003189242
  .0008337631  .0003188553
  .0008318116  .0003187865
  .0008298606  .0003187179
  .0008279094  .0003186494
  .0008259579  .0003185811
  .0008240068  .0003185130
  .0008220554  .0003184450
  .0008201043  .0003183771
  .0008181528  .0003183094
  .0008162018  .0003182419
  .0008142503  .0003181745
  .0008122992  .0003181073
  .0008103481  .0003180403
  .0008083966  .0003179734
  .0008064455  .0003179066
  .0008044941  .0003178400
  .0008025429  .0003177736
  .0008005915  .0003177073
  .0007986405  .0003176412
  .0007966889  .0003175752
  .0007947379  .0003175094
  .0007927868  .0003174438
  .0007908353  .0003173782
  .0007888842  .0003173129
  .0007869327  .0003172477
  .0007849817  .0003171827
  .0007830302  .0003171178
  .0007810791  .0003170531
  .0007791281  .0003169885
  .0007771765  .0003169241
  .0007752255  .0003168599
  .0007732740  .0003167958
  .0007713229  .0003167319
  .0007693714  .0003166681
  .0007674204  .0003166044
  .0007654689  .0003165410
  .0007635178  .0003164777
  .0007615667  .0003164145
  .0007596152  .0003163515
  .0007576642  .0003162887
  .0007557127  .0003162260
  .0007537616  .0003161634
  .0007518102  .0003161011
  .0007498591  .0003160388
  .0007479080  .0003159768
  .0007459565  .0003159149
  .0007440054  .0003158531
  .0007420539  .0003157915
  .0007401028  .0003157301
  .0007381514  .0003156688
  .0007362003  .0003156077
  .0007342491  .0003155467
  .0007322977  .0003154859
  .0007303467  .0003154252
  .0007283951  .0003153647
  .0007264442  .0003153044
  .0007244926  .0003152442
  .0007225415  .0003151841
  .0007205901  .0003151243
  .0007186390  .0003150645
  .0007166878  .0003150050
  .0007147364  .0003149456
  .0007127853  .0003148863
  .0007108338  .0003148272
  .0007088828  .0003147683
  .0007069312  .0003147095
  .0007049802  .0003146508
  .0007030290  .0003145924
  .0007010777  .0003145340
  .0006991266  .0003144759
  .0006971751  .0003144179
  .0006952240  .0003143600
  .0006932725  .0003143023
  .0006913215  .0003142448
  .0006893699  .0003141874
  .0006874189  .0003141302
  .0006854675  .0003140731
  .0006835164  .0003140162
  .0006815653  .0003139595
  .0006796138  .0003139028
  .0006776627  .0003138464
  .0006757112  .0003137901
  .0006737602  .0003137340
  .0006718087  .0003136780
  .0006698576  .0003136222
  .0006679063  .0003135665
  .0006659550  .0003135110
  .0006640040  .0003134557
  .0006620525  .0003134004
  .0006601014  .0003133454
  .0006581499  .0003132905
  .0006561988  .0003132358
  .0006542474  .0003131812
  .0006522963  .0003131268
  .0006503452  .0003130725
  .0006483937  .0003130184
  .0006464426  .0003129645
  .0006444912  .0003129107
  .0006425401  .0003128571
  .0006405886  .0003128036
  .0006386376  .0003127503
  .0006366862  .0003126971
  .0006347351  .0003126441
  .0006327840  .0003125912
  .0006308324  .0003125385
  .0006288813  .0003124860
  .0006269298  .0003124336
  .0006249787  .0003123814
  .0006230273  .0003123293
  .0006210763  .0003122774
  .0006191251  .0003122256
  .0006171737  .0003121740
  .0006152225  .0003121225
  .0006132712  .0003120712
  .0006113201  .0003120201
  .0006093686  .0003119691
  .0006074174  .0003119183
  .0006054662  .0003118676
  .0006035150  .0003118171
  .0006015639  .0003117668
  .0005996123  .0003117166
  .0005976612  .0003116665
  .0005957097  .0003116166
  .0005937587  .0003115669
  .0005918076  .0003115173
  .0005898561  .0003114679
  .0005879051  .0003114186
  .0005859535  .0003113695
  .0005840026  .0003113206
  .0005820510  .0003112718
  .0005801000  .0003112231
  .0005781485  .0003111746
  .0005761974  .0003111263
  .0005742463  .0003110781
  .0005722949  .0003110301
  .0005703437  .0003109823
  .0005683922  .0003109345
  .0005664412  .0003108870
  .0005644898  .0003108396
  .0005625387  .0003107924
  .0005605872  .0003107453
  .0005586361  .0003106984
  .0005566849  .0003106516
  .0005547335  .0003106050
  .0005527825  .0003105585
  .0005508310  .0003105122
  .0005488799  .0003104661
  .0005469284  .0003104201
  .0005449773  .0003103743
  .0005430258  .0003103286
  .0005410748  .0003102831
  .0005391235  .0003102377
  .0005371723  .0003101925
  .0005352211  .0003101475
  .0005332698  .0003101026
  .0005313186  .0003100579
  .0005293674  .0003100134
  .0005274162  .0003099691
  .0005254648  .0003099249
  .0005235137  .0003098809
  .0005215625  .0003098370
  .0005196115  .0003097934
  .0005176599  .0003097499
  .0005157087  .0003097066
  .0005137575  .0003096634
  .0005118065  .0003096204
  .0005098550  .0003095776
  .0005079039  .0003095350
  .0005059527  .0003094925
  .0005040017  .0003094502
  .0005020500  .0003094081
  .0005000989  .0003093661
  .0004981478  .0003093243
  .0004961964  .0003092827
  .0004942453  .0003092413
  .0004922942  .0003092000
  .0004903430  .0003091589
  .0004883914  .0003091179
  .0004864403  .0003090772
  .0004844891  .0003090366
  .0004825381  .0003089962
  .0004805866  .0003089559
  .0004786355  .0003089158
  .0004766843  .0003088759
  .0004747331  .0003088362
  .0004727816  .0003087966
  .0004708306  .0003087572
  .0004688794  .0003087180
  .0004669280  .0003086789
  .0004649768  .0003086400
  .0004630256  .0003086013
  .0004610744  .0003085628
  .0004591229  .0003085244
  .0004571719  .0003084862
  .0004552207  .0003084481
  .0004532696  .0003084103
  .0004513182  .0003083726
  .0004493671  .0003083351
  .0004474158  .0003082977
  .0004454647  .0003082605
  .0004435132  .0003082235
  .0004415621  .0003081867
  .0004396110  .0003081500
  .0004376599  .0003081135
  .0004357084  .0003080772
  .0004337572  .0003080410
  .0004318061  .0003080050
  .0004298545  .0003079692
  .0004279035  .0003079336
  .0004259522  .0003078981
  .0004240007  .0003078629
  .0004220498  .0003078278
  .0004200985  .0003077930
  .0004181472  .0003077584
  .0004161958  .0003077239
  .0004142443  .0003076897
  .0004122935  .0003076557
  .0004103421  .0003076218
  .0004083908  .0003075882
  .0004064394  .0003075548
  .0004044882  .0003075215
  .0004025368  .0003074885
  .0004005856  .0003074557
  .0003986344  .0003074230
  .0003966830  .0003073906
  .0003947318  .0003073584
  .0003927804  .0003073263
  .0003908294  .0003072945
  .0003888780  .0003072629
  .0003869269  .0003072315
  .0003849754  .0003072002
  .0003830241  .0003071692
  .0003810730  .0003071384
  .0003791218  .0003071077
  .0003771703  .0003070773
  .0003752189  .0003070471
  .0003732680  .0003070171
  .0003713165  .0003069872
  .0003693652  .0003069576
  .0003674140  .0003069282
  .0003654625  .0003068990
  .0003635113  .0003068699
  .0003615603  .0003068411
  .0003596090  .0003068125
  .0003576576  .0003067841
  .0003557064  .0003067559
  .0003537553  .0003067278
  .0003518038  .0003067000
  .0003498526  .0003066723
  .0003479014  .0003066448
  .0003459503  .0003066175
  .0003439989  .0003065904
  .0003420475  .0003065635
  .0003400964  .0003065368
  .0003381450  .0003065102
  .0003361937  .0003064838
  .0003342426  .0003064577
  .0003322915  .0003064317
  .0003303400  .0003064059
  .0003283888  .0003063803
  .0003264377  .0003063548
  .0003244861  .0003063296
  .0003225349  .0003063045
  .0003205837  .0003062796
  .0003186326  .0003062549
  .0003166812  .0003062304
  .0003147299  .0003062061
  .0003127788  .0003061820
  .0003108277  .0003061580
  .0003088762  .0003061343
  .0003069250  .0003061107
  .0003049737  .0003060873
  .0003030223  .0003060641
  .0003010711  .0003060411
  .0002991199  .0003060182
  .0002971688  .0003059956
  .0002952174  .0003059731
  .0002932661  .0003059508
  .0002913150  .0003059287
  .0002893638  .0003059068
  .0002874122  .0003058851
  .0002854611  .0003058636
  .0002835099  .0003058422
  .0002815586  .0003058211
  .0002796073  .0003058001
  .0002776561  .0003057793
  .0002757050  .0003057587
  .0002737535  .0003057383
  .0002718023  .0003057180
  .0002698512  .0003056980
  .0002678997  .0003056781
  .0002659484  .0003056584
  .0002639974  .0003056390
  .0002620461  .0003056197
  .0002600947  .0003056005
  .0002581435  .0003055816
  .0002561923  .0003055628
  .0002542412  .0003055443
  .0002522897  .0003055259
  .0002503385  .0003055077
  .0002483873  .0003054897
  .0002464359  .0003054719
  .0002444846  .0003054543
  .0002425335  .0003054368
  .0002405820  .0003054196
  .0002386310  .0003054025
  .0002366798  .0003053856
  .0002347285  .0003053689
  .0002327771  .0003053524
  .0002308258  .0003053360
  .0002288747  .0003053199
  .0002269236  .0003053039
  .0002249721  .0003052881
  .0002230208  .0003052726
  .0002210698  .0003052572
  .0002191182  .0003052419
  .0002171670  .0003052269
  .0002152158  .0003052121
  .0002132647  .0003051974
  .0002113133  .0003051829
  .0002093620  .0003051686
  .0002074109  .0003051545
  .0002054594  .0003051406
  .0002035083  .0003051269
  .0002015570  .0003051133
  .0001996058  .0003051000
  .0001976544  .0003050868
  .0001957033  .0003050738
  .0001937520  .0003050610
  .0001918009  .0003050484
  .0001898495  .0003050360
  .0001878982  .0003050237
  .0001859471  .0003050116
  .0001839956  .0003049998
  .0001820445  .0003049881
  .0001800932  .0003049766
  .0001781420  .0003049653
  .0001761906  .0003049541
  .0001742394  .0003049432
  .0001722882  .0003049324
  .0001703368  .0003049218
  .0001683857  .0003049115
  .0001664344  .0003049013
  .0001644833  .0003048912
  .0001625318  .0003048814
  .0001605805  .0003048718
  .0001586294  .0003048623
  .0001566782  .0003048530
  .0001547268  .0003048439
  .0001527756  .0003048350
  .0001508244  .0003048263
  .0001488730  .0003048178
  .0001469218  .0003048095
  .0001449706  .0003048013
  .0001430195  .0003047933
  .0001410679  .0003047855
  .0001391169  .0003047779
  .0001371656  .0003047705
  .0001352141  .0003047633
  .0001332630  .0003047562
  .0001313118  .0003047494
  .0001293606  .0003047427
  .0001274093  .0003047362
  .0001254578  .0003047299
  .0001235065  .0003047238
  .0001215555  .0003047179
  .0001196042  .0003047122
  .0001176528  .0003047067
  .0001157014  .0003047014
  .0001137501  .0003046963
  .0001117989  .0003046913
  .0001098477  .0003046866
  .0001078963  .0003046821
  .0001059452  .0003046779
  .0001039941  .0003046739
  .0001020430  .0003046701
  .0001000916  .0003046665
  .0000981405  .0003046632
  .0000961894  .0003046601
  .0000942382  .0003046572
  .0000922869  .0003046546
  .0000903357  .0003046522
  .0000883845  .0003046500
  .0000864331  .0003046481
  .0000844820  .0003046463
  .0000825310  .0003046448
  .0000805798  .0003046436
  .0000786284  .0003046425
  .0000766772  .0003046417
  .0000747261  .0003046412
  .0000727746  .0003046408
  .0000708236  .0003046407

