 85
 .001970 .046802
 .005447 .041391
 .001266 .038858
 .001245 .021207
 .000914 .029881
 .002832 .039326
 -.001542 .040471
 .002817 .028801
 .001908 .024050
 .002024 .033137
 .004070 .036366
 .002534 .048535
 .008826 .037873
 -.000130 .031475
 .003361 .023833
 .001090 .038077
 -.000037 .030097
 .001328 .040359
 -.000167 .030894
 .000285 .026284
 .001105 .032203
 .002918 .025267
 .000392 .033645
 .002039 .031146
 .001228 .058437
 .001855 .053132
 .003207 .033439
 .001891 .032623
 .007508 .040297
 .003105 .026633
 .001689 .026463
 -.002035 .063085
 .000016 .031252
 -.003374 .039594
 .000838 .033617
 .000664 .036449
 .005539 .044632
 .009794 .053247
 -.002406 .040633
 .002645 .025655
 .003175 .032412
 -.002834 .038051
 .002508 .032521
 -.001512 .037999
 .002117 .029555
 .003928 .033046
 .002519 .031327
 .001568 .042632
 .003757 .031733
 -.000912 .032804
 .000944 .031764
 -.000868 .035443
 .002372 .030647
 .001850 .030298
 -.000203 .064216
 .002339 .037533
 .002487 .028444
 -.001319 .047133
 .003260 .035423
 -.002344 .055700
 .002959 .028256
 -.001192 .048429
 .001991 .032013
 .001498 .052934
 -.000863 .048625
 .000065 .032470
 .000694 .026896
 .002093 .021872
 .003590 .032630
 .002756 .026880
 .002360 .030023
 -.004002 .046153
 .002816 .034558
 .003707 .032169
 .001459 .025912
 -.001765 .057682
 .002853 .041567
 .000670 .036125
 .002615 .025185
 -.002646 .067993
 .002303 .034351
 -.001155 .041664
 .000486 .035599
 .001272 .033448
 .000686 .032103
 1 1 1.000000
 1 2 -.015559
 1 3 .077464
 1 4 .107641
 1 5 .185423
 1 6 .078833
 1 7 .166470
 1 8 .242640
 1 9 .138659
 1 10 .146471
 1 11 .145892
 1 12 .033997
 1 13 .029126
 1 14 .156111
 1 15 .077814
 1 16 .111245
 1 17 .173074
 1 18 .225948
 1 19 .096160
 1 20 .198747
 1 21 .079420
 1 22 .139686
 1 23 .181891
 1 24 .171594
 1 25 .063158
 1 26 .117615
 1 27 .216725
 1 28 .101669
 1 29 .000640
 1 30 .166905
 1 31 .173087
 1 32 .063908
 1 33 .213663
 1 34 .125824
 1 35 .033137
 1 36 .192352
 1 37 .023163
 1 38 .092726
 1 39 .170609
 1 40 .079081
 1 41 .133558
 1 42 .174971
 1 43 .134350
 1 44 .043168
 1 45 .168756
 1 46 .134229
 1 47 .147208
 1 48 .116961
 1 49 .113952
 1 50 .094395
 1 51 .098197
 1 52 .118677
 1 53 .219105
 1 54 .188166
 1 55 .100666
 1 56 .090567
 1 57 .186753
 1 58 .052257
 1 59 .154296
 1 60 .148053
 1 61 .211307
 1 62 .142047
 1 63 .245755
 1 64 .030526
 1 65 .161551
 1 66 .203230
 1 67 .208599
 1 68 .063567
 1 69 .116702
 1 70 .217030
 1 71 .072131
 1 72 .231933
 1 73 .090902
 1 74 .176580
 1 75 .253707
 1 76 .099676
 1 77 .132846
 1 78 .074925
 1 79 .134051
 1 80 .034185
 1 81 .084805
 1 82 .152472
 1 83 .190422
 1 84 .135370
 1 85 .124510
 2 2 1.000000
 2 3 -.001211
 2 4 .070340
 2 5 .126141
 2 6 .084393
 2 7 .116401
 2 8 .130787
 2 9 .252165
 2 10 .056541
 2 11 .161012
 2 12 .102252
 2 13 .043835
 2 14 .151377
 2 15 .152469
 2 16 .005286
 2 17 .161547
 2 18 .137608
 2 19 .004562
 2 20 .161346
 2 21 .112349
 2 22 .151737
 2 23 .073863
 2 24 .131255
 2 25 .081965
 2 26 .112122
 2 27 .115298
 2 28 .074885
 2 29 .015804
 2 30 .138502
 2 31 .171605
 2 32 .082885
 2 33 .138362
 2 34 .052291
 2 35 .038750
 2 36 .016034
 2 37 .015832
 2 38 .063205
 2 39 -.003104
 2 40 .163988
 2 41 .175923
 2 42 .056308
 2 43 .092476
 2 44 .108516
 2 45 -.014148
 2 46 .097719
 2 47 .138889
 2 48 .101044
 2 49 -.017416
 2 50 .093840
 2 51 -.000604
 2 52 .050959
 2 53 .177573
 2 54 .071765
 2 55 .044708
 2 56 .079609
 2 57 .072881
 2 58 .167552
 2 59 -.019272
 2 60 .072460
 2 61 .088853
 2 62 -.028395
 2 63 .068365
 2 64 .014507
 2 65 -.006069
 2 66 -.036254
 2 67 .102299
 2 68 .054740
 2 69 .169461
 2 70 .110508
 2 71 .033651
 2 72 .097021
 2 73 .102313
 2 74 .128832
 2 75 .128606
 2 76 .055451
 2 77 .110503
 2 78 .116510
 2 79 .192657
 2 80 .005925
 2 81 .039330
 2 82 .117846
 2 83 .037077
 2 84 .110217
 2 85 .051193
 3 3 1.000000
 3 4 .095553
 3 5 .203792
 3 6 .123146
 3 7 .183146
 3 8 .101989
 3 9 .175438
 3 10 .131686
 3 11 .176747
 3 12 -.031341
 3 13 .035302
 3 14 .216756
 3 15 .261402
 3 16 .195852
 3 17 .209947
 3 18 .153377
 3 19 .063362
 3 20 .129797
 3 21 .246834
 3 22 .165258
 3 23 .225224
 3 24 .219078
 3 25 .158654
 3 26 .058078
 3 27 .185395
 3 28 .213851
 3 29 .100993
 3 30 .170583
 3 31 .183163
 3 32 .064086
 3 33 .124756
 3 34 .205285
 3 35 .213379
 3 36 .056600
 3 37 .203424
 3 38 .139706
 3 39 .188984
 3 40 .221428
 3 41 .158191
 3 42 .127614
 3 43 .133100
 3 44 .128774
 3 45 .146725
 3 46 .202938
 3 47 .118651
 3 48 .136401
 3 49 .005709
 3 50 .192153
 3 51 .153329
 3 52 .268855
 3 53 .207162
 3 54 .230514
 3 55 .107179
 3 56 .207179
 3 57 .064730
 3 58 .160061
 3 59 .104050
 3 60 .164397
 3 61 .117746
 3 62 .025763
 3 63 .058324
 3 64 .115634
 3 65 .152641
 3 66 .289959
 3 67 .072975
 3 68 .170353
 3 69 .152752
 3 70 .100482
 3 71 .148769
 3 72 .154483
 3 73 .104289
 3 74 .143408
 3 75 .127127
 3 76 .101245
 3 77 .280875
 3 78 .279919
 3 79 .162892
 3 80 .049592
 3 81 .218194
 3 82 .276298
 3 83 .200549
 3 84 .249166
 3 85 .128552
 4 4 1.000000
 4 5 .231769
 4 6 .123046
 4 7 .175768
 4 8 .311905
 4 9 .367738
 4 10 .154743
 4 11 .243830
 4 12 -.044414
 4 13 .059038
 4 14 .231371
 4 15 .296047
 4 16 .152020
 4 17 .204150
 4 18 .123670
 4 19 .060294
 4 20 .123681
 4 21 .213609
 4 22 .262770
 4 23 .200075
 4 24 .306750
 4 25 .215754
 4 26 .203313
 4 27 .347342
 4 28 .234426
 4 29 .096998
 4 30 .212780
 4 31 .229741
 4 32 .141358
 4 33 .298051
 4 34 .180033
 4 35 .139453
 4 36 .234656
 4 37 .143721
 4 38 .181873
 4 39 .220777
 4 40 .251685
 4 41 .245477
 4 42 .235448
 4 43 .295016
 4 44 .077542
 4 45 .277211
 4 46 .233401
 4 47 .237683
 4 48 .163501
 4 49 .003791
 4 50 .195885
 4 51 .194695
 4 52 .202830
 4 53 .369858
 4 54 .186920
 4 55 .096760
 4 56 .120274
 4 57 .230722
 4 58 .043633
 4 59 .129487
 4 60 .151340
 4 61 .327504
 4 62 .179061
 4 63 .311987
 4 64 .100023
 4 65 .253757
 4 66 .180771
 4 67 .377549
 4 68 .180706
 4 69 .157108
 4 70 .323182
 4 71 .141503
 4 72 .196942
 4 73 .110378
 4 74 .253143
 4 75 .374138
 4 76 .203313
 4 77 .208371
 4 78 .104928
 4 79 .269069
 4 80 .142249
 4 81 .277480
 4 82 .159080
 4 83 .235974
 4 84 .253832
 4 85 .149845
 5 5 1.000000
 5 6 .256162
 5 7 .225345
 5 8 .275951
 5 9 .494749
 5 10 .216737
 5 11 .408982
 5 12 .136739
 5 13 .180574
 5 14 .332701
 5 15 .497900
 5 16 .315056
 5 17 .403852
 5 18 .206394
 5 19 .169137
 5 20 .214821
 5 21 .350533
 5 22 .496624
 5 23 .273618
 5 24 .530459
 5 25 .273804
 5 26 .219094
 5 27 .298157
 5 28 .599338
 5 29 .156555
 5 30 .501556
 5 31 .536322
 5 32 .173737
 5 33 .225232
 5 34 .171614
 5 35 .165337
 5 36 .207550
 5 37 .294808
 5 38 .235884
 5 39 .288531
 5 40 .474141
 5 41 .473480
 5 42 .298656
 5 43 .267164
 5 44 .191792
 5 45 .281159
 5 46 .507369
 5 47 .429285
 5 48 .312027
 5 49 .100190
 5 50 .361827
 5 51 .241033
 5 52 .330188
 5 53 .444851
 5 54 .380670
 5 55 .238762
 5 56 .275320
 5 57 .213301
 5 58 .258524
 5 59 .142657
 5 60 .310381
 5 61 .390018
 5 62 .116142
 5 63 .298069
 5 64 .173045
 5 65 .265819
 5 66 .364402
 5 67 .201584
 5 68 .239434
 5 69 .426095
 5 70 .397458
 5 71 .239426
 5 72 .273712
 5 73 .226283
 5 74 .430011
 5 75 .417083
 5 76 .285569
 5 77 .334571
 5 78 .176095
 5 79 .503806
 5 80 .189226
 5 81 .435823
 5 82 .207144
 5 83 .167406
 5 84 .584479
 5 85 .200682
 6 6 1.000000
 6 7 .210651
 6 8 .110315
 6 9 .236537
 6 10 .203127
 6 11 .205379
 6 12 -.007962
 6 13 .182409
 6 14 .208852
 6 15 .221500
 6 16 .163479
 6 17 .164330
 6 18 .145619
 6 19 .074206
 6 20 .264382
 6 21 .210271
 6 22 .126888
 6 23 .204499
 6 24 .179813
 6 25 .157859
 6 26 .246145
 6 27 .204731
 6 28 .175541
 6 29 .033728
 6 30 .222361
 6 31 .143726
 6 32 .066143
 6 33 .135121
 6 34 .153489
 6 35 .141146
 6 36 .132614
 6 37 .128650
 6 38 .011113
 6 39 .185474
 6 40 .171557
 6 41 .141149
 6 42 .226289
 6 43 .124048
 6 44 .116868
 6 45 .180907
 6 46 .131191
 6 47 .115389
 6 48 .121952
 6 49 .111760
 6 50 .287007
 6 51 .267041
 6 52 .206380
 6 53 .198306
 6 54 .089369
 6 55 .136200
 6 56 .157404
 6 57 .194741
 6 58 .192533
 6 59 .042969
 6 60 .177265
 6 61 .115750
 6 62 .204570
 6 63 .108972
 6 64 .326844
 6 65 .139670
 6 66 .240911
 6 67 .118873
 6 68 .045133
 6 69 .092989
 6 70 .132038
 6 71 .156035
 6 72 .175636
 6 73 .100838
 6 74 .139619
 6 75 .189967
 6 76 .147909
 6 77 .129334
 6 78 .160957
 6 79 .237023
 6 80 .045462
 6 81 .142134
 6 82 .110848
 6 83 .193194
 6 84 .137570
 6 85 .189994
 7 7 1.000000
 7 8 .130846
 7 9 .258657
 7 10 .185631
 7 11 .226101
 7 12 .009430
 7 13 .114677
 7 14 .181882
 7 15 .225441
 7 16 .133246
 7 17 .223952
 7 18 .175459
 7 19 .115306
 7 20 .335770
 7 21 .291584
 7 22 .170277
 7 23 .230650
 7 24 .252027
 7 25 .189324
 7 26 .234995
 7 27 .249309
 7 28 .224488
 7 29 .087728
 7 30 .253012
 7 31 .300968
 7 32 .101123
 7 33 .218734
 7 34 .134526
 7 35 .193919
 7 36 .170352
 7 37 .160259
 7 38 .120525
 7 39 .263022
 7 40 .290616
 7 41 .228817
 7 42 .205046
 7 43 .159493
 7 44 .152110
 7 45 .150022
 7 46 .198522
 7 47 .222487
 7 48 .137816
 7 49 .030457
 7 50 .328048
 7 51 .118634
 7 52 .251645
 7 53 .250832
 7 54 .186327
 7 55 .023488
 7 56 .172127
 7 57 .199338
 7 58 .196899
 7 59 .187718
 7 60 .122111
 7 61 .199894
 7 62 .067773
 7 63 .141522
 7 64 .241926
 7 65 .138961
 7 66 .249204
 7 67 .149739
 7 68 .212390
 7 69 .248862
 7 70 .192229
 7 71 .137515
 7 72 .182011
 7 73 .028732
 7 74 .290497
 7 75 .209436
 7 76 .101671
 7 77 .211045
 7 78 .192843
 7 79 .275891
 7 80 .125690
 7 81 .208153
 7 82 .144364
 7 83 .210999
 7 84 .202986
 7 85 .196303
 8 8 1.000000
 8 9 .434456
 8 10 .147744
 8 11 .276686
 8 12 .035362
 8 13 .037966
 8 14 .217999
 8 15 .394940
 8 16 .126899
 8 17 .317031
 8 18 .154616
 8 19 .129044
 8 20 .178351
 8 21 .166017
 8 22 .410000
 8 23 .100402
 8 24 .405394
 8 25 .113699
 8 26 .158428
 8 27 .418634
 8 28 .190522
 8 29 .079481
 8 30 .367431
 8 31 .314112
 8 32 .120454
 8 33 .323506
 8 34 .126468
 8 35 .159851
 8 36 .133845
 8 37 .188664
 8 38 .107571
 8 39 .280666
 8 40 .437458
 8 41 .372166
 8 42 .208252
 8 43 .307221
 8 44 .190944
 8 45 .197667
 8 46 .348442
 8 47 .331761
 8 48 .087972
 8 49 .075016
 8 50 .261663
 8 51 .128902
 8 52 .260949
 8 53 .604626
 8 54 .355997
 8 55 .084841
 8 56 .140726
 8 57 .357056
 8 58 .059256
 8 59 .147742
 8 60 .171952
 8 61 .613716
 8 62 -.002417
 8 63 .773551
 8 64 .063418
 8 65 .103849
 8 66 .215857
 8 67 .528321
 8 68 .185704
 8 69 .397650
 8 70 .658048
 8 71 .195065
 8 72 .158077
 8 73 .158588
 8 74 .362638
 8 75 .699712
 8 76 .196859
 8 77 .355847
 8 78 .099123
 8 79 .333995
 8 80 -.008494
 8 81 .187578
 8 82 .102732
 8 83 .284364
 8 84 .345559
 8 85 .097373
 9 9 1.000000
 9 10 .187909
 9 11 .524700
 9 12 .091944
 9 13 .133902
 9 14 .343124
 9 15 .604351
 9 16 .240646
 9 17 .467567
 9 18 .220452
 9 19 .188676
 9 20 .327636
 9 21 .458492
 9 22 .621869
 9 23 .311335
 9 24 .645161
 9 25 .332568
 9 26 .316960
 9 27 .439641
 9 28 .446951
 9 29 .163276
 9 30 .553999
 9 31 .574590
 9 32 .236976
 9 33 .289782
 9 34 .192095
 9 35 .212431
 9 36 .250869
 9 37 .305113
 9 38 .248002
 9 39 .242459
 9 40 .529961
 9 41 .571248
 9 42 .241489
 9 43 .314460
 9 44 .251879
 9 45 .319770
 9 46 .552510
 9 47 .507575
 9 48 .288726
 9 49 .094240
 9 50 .299903
 9 51 .177673
 9 52 .325588
 9 53 .659146
 9 54 .456016
 9 55 .184516
 9 56 .255876
 9 57 .288852
 9 58 .266652
 9 59 .188109
 9 60 .245441
 9 61 .521495
 9 62 .198813
 9 63 .481284
 9 64 .170950
 9 65 .272129
 9 66 .375506
 9 67 .404756
 9 68 .289728
 9 69 .543543
 9 70 .521011
 9 71 .249118
 9 72 .274195
 9 73 .336893
 9 74 .539780
 9 75 .587974
 9 76 .311934
 9 77 .439233
 9 78 .118077
 9 79 .590157
 9 80 .113810
 9 81 .474692
 9 82 .190521
 9 83 .265776
 9 84 .568671
 9 85 .183613
 10 10 1.000000
 10 11 .192593
 10 12 -.064839
 10 13 .042458
 10 14 .194193
 10 15 .170405
 10 16 .230136
 10 17 .241875
 10 18 .158776
 10 19 .113657
 10 20 .194586
 10 21 .180880
 10 22 .174107
 10 23 .136975
 10 24 .199776
 10 25 .115120
 10 26 .190232
 10 27 .235035
 10 28 .231576
 10 29 .107403
 10 30 .197156
 10 31 .250556
 10 32 -.021017
 10 33 .060531
 10 34 .164359
 10 35 .069059
 10 36 .088512
 10 37 .197944
 10 38 .087656
 10 39 .199725
 10 40 .202524
 10 41 .171621
 10 42 .099366
 10 43 .241190
 10 44 .126060
 10 45 .209957
 10 46 .255832
 10 47 .125152
 10 48 .072178
 10 49 .021696
 10 50 .249205
 10 51 .219055
 10 52 .295529
 10 53 .244576
 10 54 .236674
 10 55 .120713
 10 56 .071057
 10 57 .188156
 10 58 .095804
 10 59 .112174
 10 60 .060096
 10 61 .124999
 10 62 .139326
 10 63 .134219
 10 64 .196578
 10 65 .150623
 10 66 .106104
 10 67 .181044
 10 68 .246629
 10 69 .117119
 10 70 .184054
 10 71 .024974
 10 72 .030873
 10 73 .017218
 10 74 .242510
 10 75 .184845
 10 76 .172429
 10 77 .090480
 10 78 .192517
 10 79 .179834
 10 80 .093960
 10 81 .173890
 10 82 .136315
 10 83 .184900
 10 84 .212207
 10 85 .105064
 11 11 1.000000
 11 12 .145606
 11 13 .091946
 11 14 .243140
 11 15 .481398
 11 16 .261348
 11 17 .304041
 11 18 .257673
 11 19 .290993
 11 20 .280261
 11 21 .409775
 11 22 .483525
 11 23 .361918
 11 24 .646926
 11 25 .408103
 11 26 .247196
 11 27 .283964
 11 28 .525032
 11 29 .153357
 11 30 .475267
 11 31 .452861
 11 32 .122201
 11 33 .293762
 11 34 .141909
 11 35 .151980
 11 36 .276516
 11 37 .349634
 11 38 .232433
 11 39 .206235
 11 40 .355205
 11 41 .556171
 11 42 .071837
 11 43 .252477
 11 44 .272499
 11 45 .290655
 11 46 .522452
 11 47 .371767
 11 48 .310790
 11 49 .071977
 11 50 .343876
 11 51 .214423
 11 52 .364747
 11 53 .435085
 11 54 .470776
 11 55 .211438
 11 56 .179168
 11 57 .235970
 11 58 .273527
 11 59 .232616
 11 60 .224900
 11 61 .394086
 11 62 .134220
 11 63 .268920
 11 64 .156029
 11 65 .268389
 11 66 .389219
 11 67 .282959
 11 68 .247273
 11 69 .430547
 11 70 .303956
 11 71 .182100
 11 72 .224325
 11 73 .260038
 11 74 .441615
 11 75 .422403
 11 76 .285496
 11 77 .410406
 11 78 .124737
 11 79 .411194
 11 80 .193753
 11 81 .515328
 11 82 .212181
 11 83 .226689
 11 84 .513690
 11 85 .205423
 12 12 1.000000
 12 13 .011177
 12 14 .128242
 12 15 .145568
 12 16 .124539
 12 17 .063637
 12 18 .009533
 12 19 -.024821
 12 20 -.002852
 12 21 .122114
 12 22 .122902
 12 23 .097780
 12 24 .159848
 12 25 .131354
 12 26 .122991
 12 27 .033368
 12 28 -.023503
 12 29 .225565
 12 30 .136487
 12 31 .111645
 12 32 .147558
 12 33 -.002204
 12 34 -.037078
 12 35 .067567
 12 36 .070428
 12 37 .120868
 12 38 .133414
 12 39 .045910
 12 40 .105903
 12 41 .161771
 12 42 .043616
 12 43 .073826
 12 44 .069533
 12 45 .126621
 12 46 .063680
 12 47 .054596
 12 48 .128919
 12 49 .043400
 12 50 .048453
 12 51 -.066737
 12 52 .047398
 12 53 .067946
 12 54 .063059
 12 55 .123191
 12 56 .169219
 12 57 .044336
 12 58 .141584
 12 59 .110421
 12 60 .046816
 12 61 .065244
 12 62 .000807
 12 63 .033011
 12 64 -.008368
 12 65 .042492
 12 66 .147522
 12 67 .018679
 12 68 .129406
 12 69 .162082
 12 70 .063737
 12 71 .013188
 12 72 .035969
 12 73 .163034
 12 74 .068900
 12 75 .125989
 12 76 .018841
 12 77 .077345
 12 78 .001221
 12 79 .112441
 12 80 .024778
 12 81 .018742
 12 82 .174939
 12 83 .062511
 12 84 .164952
 12 85 -.001847
 13 13 1.000000
 13 14 .113483
 13 15 .147708
 13 16 .126921
 13 17 .106468
 13 18 .031733
 13 19 .047541
 13 20 .205939
 13 21 .122564
 13 22 .090759
 13 23 .161297
 13 24 .200807
 13 25 .152545
 13 26 .140425
 13 27 .000546
 13 28 .218201
 13 29 .085154
 13 30 .071308
 13 31 .041087
 13 32 .114168
 13 33 .059417
 13 34 -.034204
 13 35 .058720
 13 36 .127994
 13 37 .190159
 13 38 .033350
 13 39 .009893
 13 40 .098464
 13 41 .098073
 13 42 .105125
 13 43 .043744
 13 44 .124538
 13 45 .101252
 13 46 .118152
 13 47 .144206
 13 48 .130917
 13 49 .145606
 13 50 .036139
 13 51 .106438
 13 52 -.019727
 13 53 .104088
 13 54 .083218
 13 55 .144707
 13 56 .047260
 13 57 -.001766
 13 58 .072642
 13 59 .037067
 13 60 .097864
 13 61 .009485
 13 62 .069037
 13 63 .037077
 13 64 .054750
 13 65 .113821
 13 66 .173840
 13 67 .036894
 13 68 .041707
 13 69 .052675
 13 70 -.002897
 13 71 .122464
 13 72 .118397
 13 73 .126553
 13 74 .134102
 13 75 .043857
 13 76 .101946
 13 77 .073536
 13 78 .003668
 13 79 .185937
 13 80 .191713
 13 81 .083709
 13 82 -.009979
 13 83 .114396
 13 84 .065494
 13 85 .123886
 14 14 1.000000
 14 15 .311028
 14 16 .197902
 14 17 .467325
 14 18 .137517
 14 19 .168667
 14 20 .163882
 14 21 .272512
 14 22 .331455
 14 23 .153067
 14 24 .266184
 14 25 .205407
 14 26 .167757
 14 27 .297702
 14 28 .214541
 14 29 .170945
 14 30 .288080
 14 31 .271482
 14 32 .168868
 14 33 .226312
 14 34 .043061
 14 35 .258649
 14 36 .047659
 14 37 .211333
 14 38 .127310
 14 39 .161596
 14 40 .225712
 14 41 .198563
 14 42 .288466
 14 43 .162167
 14 44 .185659
 14 45 .259715
 14 46 .253677
 14 47 .290535
 14 48 .136795
 14 49 .028690
 14 50 .209861
 14 51 .129458
 14 52 .247991
 14 53 .346751
 14 54 .297632
 14 55 .192053
 14 56 .248744
 14 57 .165446
 14 58 .215280
 14 59 .145991
 14 60 .050497
 14 61 .173907
 14 62 .125765
 14 63 .206617
 14 64 .255950
 14 65 .171250
 14 66 .246106
 14 67 .130028
 14 68 .231568
 14 69 .299348
 14 70 .293071
 14 71 .220257
 14 72 .063548
 14 73 .231858
 14 74 .266242
 14 75 .300433
 14 76 .217516
 14 77 .208370
 14 78 .163659
 14 79 .280084
 14 80 -.087007
 14 81 .239414
 14 82 .206236
 14 83 .190281
 14 84 .247228
 14 85 .200189
 15 15 1.000000
 15 16 .231983
 15 17 .425786
 15 18 .272800
 15 19 .194556
 15 20 .268686
 15 21 .376838
 15 22 .605618
 15 23 .281909
 15 24 .599542
 15 25 .331243
 15 26 .331754
 15 27 .410602
 15 28 .485695
 15 29 .136453
 15 30 .533969
 15 31 .510716
 15 32 .200584
 15 33 .270641
 15 34 .129689
 15 35 .230843
 15 36 .218464
 15 37 .259792
 15 38 .225048
 15 39 .266760
 15 40 .641455
 15 41 .508133
 15 42 .223226
 15 43 .216874
 15 44 .224998
 15 45 .290109
 15 46 .546226
 15 47 .469241
 15 48 .260248
 15 49 .101093
 15 50 .328426
 15 51 .170727
 15 52 .346177
 15 53 .590759
 15 54 .457150
 15 55 .198913
 15 56 .262887
 15 57 .249887
 15 58 .302573
 15 59 .237567
 15 60 .263460
 15 61 .499438
 15 62 .032996
 15 63 .371313
 15 64 .145796
 15 65 .235585
 15 66 .348895
 15 67 .293612
 15 68 .210469
 15 69 .534207
 15 70 .457435
 15 71 .194149
 15 72 .213442
 15 73 .387287
 15 74 .489306
 15 75 .487225
 15 76 .256297
 15 77 .371333
 15 78 .185821
 15 79 .507807
 15 80 .131172
 15 81 .465724
 15 82 .214919
 15 83 .283108
 15 84 .485509
 15 85 .293641
 16 16 1.000000
 16 17 .164469
 16 18 .197877
 16 19 .081866
 16 20 .145329
 16 21 .317772
 16 22 .196475
 16 23 .197609
 16 24 .260666
 16 25 .286016
 16 26 .219784
 16 27 .114189
 16 28 .366344
 16 29 .169242
 16 30 .239129
 16 31 .290970
 16 32 .173883
 16 33 .076512
 16 34 .060325
 16 35 .152898
 16 36 .161069
 16 37 .185222
 16 38 .128458
 16 39 .170611
 16 40 .219082
 16 41 .173506
 16 42 .113982
 16 43 .170813
 16 44 .317817
 16 45 .104907
 16 46 .322704
 16 47 .130718
 16 48 .236150
 16 49 .075081
 16 50 .267190
 16 51 .205848
 16 52 .312853
 16 53 .195635
 16 54 .166620
 16 55 .265776
 16 56 .112279
 16 57 .107541
 16 58 .227386
 16 59 .183883
 16 60 .081982
 16 61 .107964
 16 62 .108579
 16 63 .145928
 16 64 .103430
 16 65 .148208
 16 66 .243683
 16 67 .056558
 16 68 .132834
 16 69 .126010
 16 70 .123392
 16 71 .069707
 16 72 .070071
 16 73 .064173
 16 74 .185005
 16 75 .158126
 16 76 .173891
 16 77 .244208
 16 78 .108808
 16 79 .220137
 16 80 .230575
 16 81 .257088
 16 82 .057881
 16 83 .167241
 16 84 .347248
 16 85 .157298
 17 17 1.000000
 17 18 .215422
 17 19 .196252
 17 20 .240074
 17 21 .296485
 17 22 .483245
 17 23 .228298
 17 24 .381085
 17 25 .179305
 17 26 .165206
 17 27 .381652
 17 28 .296190
 17 29 .131457
 17 30 .387209
 17 31 .402373
 17 32 .239143
 17 33 .161843
 17 34 .115172
 17 35 .215637
 17 36 .155041
 17 37 .142284
 17 38 .190796
 17 39 .286581
 17 40 .431378
 17 41 .370145
 17 42 .260061
 17 43 .175798
 17 44 .136950
 17 45 .290621
 17 46 .430756
 17 47 .378871
 17 48 .239151
 17 49 .029608
 17 50 .291498
 17 51 .209045
 17 52 .267008
 17 53 .479229
 17 54 .398851
 17 55 .182521
 17 56 .245644
 17 57 .275943
 17 58 .162636
 17 59 .164057
 17 60 .187928
 17 61 .391852
 17 62 .088538
 17 63 .297826
 17 64 .168799
 17 65 .308283
 17 66 .320586
 17 67 .267214
 17 68 .236971
 17 69 .351404
 17 70 .406718
 17 71 .191831
 17 72 .140523
 17 73 .267258
 17 74 .438830
 17 75 .415020
 17 76 .293528
 17 77 .280047
 17 78 .147839
 17 79 .409651
 17 80 .026525
 17 81 .322386
 17 82 .226361
 17 83 .219371
 17 84 .400078
 17 85 .151978
 18 18 1.000000
 18 19 .147074
 18 20 .192465
 18 21 .114904
 18 22 .286229
 18 23 .115431
 18 24 .316046
 18 25 .104198
 18 26 .134134
 18 27 .314506
 18 28 .161912
 18 29 .134078
 18 30 .238919
 18 31 .283660
 18 32 .064115
 18 33 .237429
 18 34 .071188
 18 35 .159853
 18 36 .133106
 18 37 .146612
 18 38 .150012
 18 39 .129296
 18 40 .168726
 18 41 .238374
 18 42 .108379
 18 43 .180818
 18 44 .127785
 18 45 .141853
 18 46 .181106
 18 47 .170836
 18 48 .080934
 18 49 -.009472
 18 50 .183548
 18 51 .154445
 18 52 .152726
 18 53 .326120
 18 54 .219108
 18 55 .128849
 18 56 .137480
 18 57 .147711
 18 58 .174618
 18 59 .163080
 18 60 .152524
 18 61 .140243
 18 62 .107840
 18 63 .136238
 18 64 .128208
 18 65 .142992
 18 66 .167776
 18 67 .146945
 18 68 .171765
 18 69 .253882
 18 70 .207720
 18 71 .160649
 18 72 .172400
 18 73 .169205
 18 74 .125408
 18 75 .189383
 18 76 .140076
 18 77 .161949
 18 78 .129448
 18 79 .169163
 18 80 .134151
 18 81 .147139
 18 82 .137604
 18 83 .255827
 18 84 .182654
 18 85 .146992
 19 19 1.000000
 19 20 .212082
 19 21 .179002
 19 22 .171265
 19 23 .169615
 19 24 .319207
 19 25 .122188
 19 26 .158917
 19 27 .098422
 19 28 .201119
 19 29 .082944
 19 30 .171646
 19 31 .246896
 19 32 .015121
 19 33 .157854
 19 34 .054863
 19 35 -.032649
 19 36 .187940
 19 37 .120363
 19 38 .088567
 19 39 .024353
 19 40 .115133
 19 41 .248362
 19 42 .090478
 19 43 .062995
 19 44 .115634
 19 45 .242483
 19 46 .148655
 19 47 .189856
 19 48 .094181
 19 49 .134216
 19 50 .094596
 19 51 .055536
 19 52 .134344
 19 53 .182764
 19 54 .251448
 19 55 .169208
 19 56 .051817
 19 57 .128492
 19 58 .057826
 19 59 .048197
 19 60 .143074
 19 61 .137122
 19 62 .033199
 19 63 .089033
 19 64 .175125
 19 65 .171659
 19 66 .245288
 19 67 .067503
 19 68 .127392
 19 69 .183028
 19 70 .153810
 19 71 .165672
 19 72 .093299
 19 73 .104948
 19 74 .182912
 19 75 .182473
 19 76 .144384
 19 77 .192722
 19 78 .126342
 19 79 .117319
 19 80 .086407
 19 81 .211975
 19 82 .101976
 19 83 .126240
 19 84 .179340
 19 85 .019206
 20 20 1.000000
 20 21 .323271
 20 22 .237712
 20 23 .295764
 20 24 .301419
 20 25 .205800
 20 26 .224074
 20 27 .194272
 20 28 .287352
 20 29 .168615
 20 30 .273772
 20 31 .273156
 20 32 .149564
 20 33 .249877
 20 34 .241165
 20 35 .110242
 20 36 .165710
 20 37 .112685
 20 38 .133796
 20 39 .227283
 20 40 .202033
 20 41 .222536
 20 42 .215260
 20 43 .154124
 20 44 .196059
 20 45 .173097
 20 46 .331164
 20 47 .197342
 20 48 .177611
 20 49 .077686
 20 50 .236994
 20 51 .189011
 20 52 .208457
 20 53 .294439
 20 54 .226290
 20 55 .088650
 20 56 .136175
 20 57 .295477
 20 58 .251917
 20 59 .192335
 20 60 .175664
 20 61 .189531
 20 62 .114123
 20 63 .167459
 20 64 .146439
 20 65 .165442
 20 66 .269105
 20 67 .200593
 20 68 .243583
 20 69 .193961
 20 70 .164640
 20 71 .190656
 20 72 .189701
 20 73 .143395
 20 74 .271290
 20 75 .255798
 20 76 .246297
 20 77 .194061
 20 78 .111320
 20 79 .339325
 20 80 .023084
 20 81 .150814
 20 82 .113175
 20 83 .196331
 20 84 .209434
 20 85 .186285
 21 21 1.000000
 21 22 .375866
 21 23 .290250
 21 24 .432254
 21 25 .403259
 21 26 .259970
 21 27 .219734
 21 28 .402064
 21 29 .132253
 21 30 .388422
 21 31 .462866
 21 32 .219623
 21 33 .219879
 21 34 .200149
 21 35 .152234
 21 36 .216583
 21 37 .357290
 21 38 .135509
 21 39 .233103
 21 40 .336232
 21 41 .409947
 21 42 .257454
 21 43 .231419
 21 44 .284724
 21 45 .262214
 21 46 .512194
 21 47 .332256
 21 48 .305446
 21 49 .026939
 21 50 .333476
 21 51 .205351
 21 52 .315692
 21 53 .366358
 21 54 .375957
 21 55 .194405
 21 56 .217114
 21 57 .163935
 21 58 .381397
 21 59 .131422
 21 60 .187191
 21 61 .288842
 21 62 .146613
 21 63 .177432
 21 64 .194129
 21 65 .327226
 21 66 .326687
 21 67 .105792
 21 68 .211941
 21 69 .360510
 21 70 .238328
 21 71 .218402
 21 72 .125125
 21 73 .211202
 21 74 .469385
 21 75 .307477
 21 76 .209257
 21 77 .296334
 21 78 .169135
 21 79 .418201
 21 80 .136487
 21 81 .403952
 21 82 .147679
 21 83 .294259
 21 84 .442168
 21 85 .199027
 22 22 1.000000
 22 23 .303135
 22 24 .622708
 22 25 .346205
 22 26 .284535
 22 27 .405262
 22 28 .464306
 22 29 .188062
 22 30 .763286
 22 31 .513426
 22 32 .221080
 22 33 .237282
 22 34 .098483
 22 35 .206864
 22 36 .240439
 22 37 .371789
 22 38 .225184
 22 39 .241691
 22 40 .529879
 22 41 .596346
 22 42 .219298
 22 43 .220833
 22 44 .293495
 22 45 .280184
 22 46 .506217
 22 47 .545231
 22 48 .307570
 22 49 .095251
 22 50 .285159
 22 51 .225985
 22 52 .293055
 22 53 .598157
 22 54 .502428
 22 55 .134948
 22 56 .199139
 22 57 .200382
 22 58 .218930
 22 59 .230677
 22 60 .261604
 22 61 .471188
 22 62 .145652
 22 63 .385934
 22 64 .160396
 22 65 .218215
 22 66 .362565
 22 67 .327186
 22 68 .230911
 22 69 .756008
 22 70 .435096
 22 71 .334493
 22 72 .180789
 22 73 .455944
 22 74 .595160
 22 75 .458102
 22 76 .303514
 22 77 .445917
 22 78 .167589
 22 79 .511812
 22 80 .077222
 22 81 .516885
 22 82 .193285
 22 83 .259840
 22 84 .578668
 22 85 .230318
 23 23 1.000000
 23 24 .387947
 23 25 .306542
 23 26 .234390
 23 27 .162766
 23 28 .214265
 23 29 .072035
 23 30 .325639
 23 31 .315332
 23 32 .116476
 23 33 .162907
 23 34 .198406
 23 35 .107217
 23 36 .271772
 23 37 .294454
 23 38 .318078
 23 39 .104825
 23 40 .293855
 23 41 .324675
 23 42 .205393
 23 43 .268954
 23 44 .274491
 23 45 .173362
 23 46 .311776
 23 47 .199463
 23 48 .207649
 23 49 .065025
 23 50 .239454
 23 51 .234706
 23 52 .274864
 23 53 .213486
 23 54 .311961
 23 55 .160069
 23 56 .166430
 23 57 .161078
 23 58 .243758
 23 59 .086531
 23 60 .131457
 23 61 .104456
 23 62 .192363
 23 63 .155342
 23 64 .212428
 23 65 .274825
 23 66 .314109
 23 67 .146125
 23 68 .274513
 23 69 .312598
 23 70 .181419
 23 71 .183156
 23 72 .155253
 23 73 .126873
 23 74 .216660
 23 75 .274721
 23 76 .232342
 23 77 .288381
 23 78 .051265
 23 79 .356374
 23 80 .161215
 23 81 .322919
 23 82 .160507
 23 83 .219384
 23 84 .307952
 23 85 .151959
 24 24 1.000000
 24 25 .344019
 24 26 .318396
 24 27 .348032
 24 28 .517800
 24 29 .172979
 24 30 .612545
 24 31 .617287
 24 32 .161962
 24 33 .264248
 24 34 .155204
 24 35 .164537
 24 36 .254334
 24 37 .377232
 24 38 .244121
 24 39 .239596
 24 40 .524114
 24 41 .702512
 24 42 .169217
 24 43 .257597
 24 44 .230767
 24 45 .363653
 24 46 .543398
 24 47 .472311
 24 48 .320143
 24 49 .091937
 24 50 .361939
 24 51 .203582
 24 52 .336152
 24 53 .601383
 24 54 .507816
 24 55 .259171
 24 56 .202331
 24 57 .269380
 24 58 .324015
 24 59 .192083
 24 60 .291707
 24 61 .476168
 24 62 .130944
 24 63 .383819
 24 64 .141166
 24 65 .305181
 24 66 .491391
 24 67 .311753
 24 68 .308660
 24 69 .609262
 24 70 .460383
 24 71 .246663
 24 72 .249581
 24 73 .304842
 24 74 .524410
 24 75 .528945
 24 76 .321699
 24 77 .470148
 24 78 .188790
 24 79 .549606
 24 80 .150853
 24 81 .527668
 24 82 .227574
 24 83 .342674
 24 84 .626231
 24 85 .228039
 25 25 1.000000
 25 26 .299937
 25 27 .089580
 25 28 .345974
 25 29 .167896
 25 30 .298998
 25 31 .381738
 25 32 .128162
 25 33 .210748
 25 34 .195465
 25 35 .142290
 25 36 .256286
 25 37 .237965
 25 38 .183545
 25 39 .150545
 25 40 .253596
 25 41 .361569
 25 42 .143233
 25 43 .240104
 25 44 .243919
 25 45 .167295
 25 46 .369621
 25 47 .186267
 25 48 .284859
 25 49 .014731
 25 50 .267314
 25 51 .112114
 25 52 .242835
 25 53 .235718
 25 54 .282464
 25 55 .178893
 25 56 .100062
 25 57 .134376
 25 58 .237284
 25 59 .120457
 25 60 .121042
 25 61 .211966
 25 62 .118842
 25 63 .140600
 25 64 .023748
 25 65 .344768
 25 66 .277837
 25 67 .150413
 25 68 .236794
 25 69 .264133
 25 70 .129268
 25 71 .151200
 25 72 .104853
 25 73 .173296
 25 74 .334631
 25 75 .229349
 25 76 .160899
 25 77 .269043
 25 78 .098214
 25 79 .347254
 25 80 .036182
 25 81 .380303
 25 82 .222814
 25 83 .140949
 25 84 .416905
 25 85 .167184
 26 26 1.000000
 26 27 .136258
 26 28 .195839
 26 29 .021769
 26 30 .282417
 26 31 .300840
 26 32 .129054
 26 33 .121699
 26 34 .153170
 26 35 .095790
 26 36 .188878
 26 37 .185541
 26 38 .144209
 26 39 .186137
 26 40 .253122
 26 41 .228975
 26 42 .285524
 26 43 .208290
 26 44 .212918
 26 45 .141144
 26 46 .260234
 26 47 .259416
 26 48 .155816
 26 49 .038373
 26 50 .209837
 26 51 .213449
 26 52 .207982
 26 53 .193444
 26 54 .258663
 26 55 .098991
 26 56 .181645
 26 57 .185192
 26 58 .308932
 26 59 .095695
 26 60 .192460
 26 61 .194352
 26 62 .171773
 26 63 .169324
 26 64 .142293
 26 65 .292234
 26 66 .229282
 26 67 .066531
 26 68 .166079
 26 69 .300125
 26 70 .173767
 26 71 .165558
 26 72 .141599
 26 73 .178818
 26 74 .220629
 26 75 .198880
 26 76 .102064
 26 77 .245334
 26 78 .124717
 26 79 .335663
 26 80 .051129
 26 81 .194814
 26 82 .109941
 26 83 .164468
 26 84 .261497
 26 85 .121818
 27 27 1.000000
 27 28 .236112
 27 29 .128900
 27 30 .367933
 27 31 .327551
 27 32 .151270
 27 33 .355340
 27 34 .091211
 27 35 .207663
 27 36 .167046
 27 37 .245519
 27 38 .122563
 27 39 .190087
 27 40 .385213
 27 41 .320143
 27 42 .132580
 27 43 .142345
 27 44 .155854
 27 45 .197766
 27 46 .336337
 27 47 .336496
 27 48 .175234
 27 49 .079949
 27 50 .227923
 27 51 .183055
 27 52 .198476
 27 53 .628809
 27 54 .347723
 27 55 .173358
 27 56 .291544
 27 57 .212404
 27 58 .168537
 27 59 .182699
 27 60 .242225
 27 61 .402660
 27 62 .134500
 27 63 .377229
 27 64 .224165
 27 65 .107967
 27 66 .175904
 27 67 .319781
 27 68 .164094
 27 69 .382315
 27 70 .506546
 27 71 .211320
 27 72 .134135
 27 73 .179221
 27 74 .374395
 27 75 .465192
 27 76 .201972
 27 77 .205062
 27 78 .088875
 27 79 .290266
 27 80 .042186
 27 81 .248127
 27 82 .210587
 27 83 .376165
 27 84 .290953
 27 85 .131347
 28 28 1.000000
 28 29 .155554
 28 30 .497203
 28 31 .448482
 28 32 .134871
 28 33 .236382
 28 34 .162701
 28 35 .139388
 28 36 .184288
 28 37 .278373
 28 38 .188938
 28 39 .176663
 28 40 .425307
 28 41 .452099
 28 42 .141085
 28 43 .182374
 28 44 .247762
 28 45 .238466
 28 46 .528006
 28 47 .352423
 28 48 .280576
 28 49 -.007149
 28 50 .300050
 28 51 .160980
 28 52 .330426
 28 53 .391916
 28 54 .347731
 28 55 .248099
 28 56 .129351
 28 57 .104676
 28 58 .267382
 28 59 .176687
 28 60 .207045
 28 61 .292136
 28 62 .155079
 28 63 .186791
 28 64 .153739
 28 65 .269534
 28 66 .294508
 28 67 .122701
 28 68 .181886
 28 69 .375895
 28 70 .216881
 28 71 .207641
 28 72 .218755
 28 73 .095256
 28 74 .468842
 28 75 .300996
 28 76 .249339
 28 77 .328567
 28 78 .167696
 28 79 .466571
 28 80 .216254
 28 81 .478957
 28 82 .099218
 28 83 .219450
 28 84 .495895
 28 85 .182932
 29 29 1.000000
 29 30 .174065
 29 31 .143940
 29 32 .103923
 29 33 .139687
 29 34 .015242
 29 35 .109818
 29 36 .018707
 29 37 .031136
 29 38 .079538
 29 39 .032443
 29 40 .137984
 29 41 .047622
 29 42 -.005653
 29 43 .063988
 29 44 .093569
 29 45 .199123
 29 46 .110792
 29 47 .141861
 29 48 .141808
 29 49 .034120
 29 50 .066462
 29 51 .016990
 29 52 .031746
 29 53 .118928
 29 54 .101556
 29 55 .127605
 29 56 .116500
 29 57 .070425
 29 58 .066620
 29 59 .322363
 29 60 .030670
 29 61 .076934
 29 62 .056107
 29 63 .032991
 29 64 -.024905
 29 65 .088972
 29 66 .144676
 29 67 .051095
 29 68 .231271
 29 69 .217720
 29 70 .103733
 29 71 -.029520
 29 72 .017713
 29 73 .108766
 29 74 .170663
 29 75 .150671
 29 76 -.016736
 29 77 .106470
 29 78 -.009234
 29 79 .090810
 29 80 .075624
 29 81 .078532
 29 82 .057968
 29 83 .042686
 29 84 .185057
 29 85 .138560
 30 30 1.000000
 30 31 .511209
 30 32 .240462
 30 33 .178206
 30 34 .125513
 30 35 .215006
 30 36 .217741
 30 37 .316192
 30 38 .261014
 30 39 .260902
 30 40 .472511
 30 41 .600937
 30 42 .212926
 30 43 .154066
 30 44 .272212
 30 45 .291107
 30 46 .500648
 30 47 .501280
 30 48 .345232
 30 49 .105832
 30 50 .297783
 30 51 .207837
 30 52 .300210
 30 53 .498074
 30 54 .465068
 30 55 .213591
 30 56 .256657
 30 57 .209268
 30 58 .290379
 30 59 .198095
 30 60 .287966
 30 61 .409839
 30 62 .177687
 30 63 .339240
 30 64 .175090
 30 65 .201008
 30 66 .352688
 30 67 .223053
 30 68 .224472
 30 69 .734121
 30 70 .388462
 30 71 .265084
 30 72 .127759
 30 73 .367731
 30 74 .566123
 30 75 .413330
 30 76 .283616
 30 77 .404269
 30 78 .204248
 30 79 .472250
 30 80 .132754
 30 81 .481812
 30 82 .189342
 30 83 .285076
 30 84 .531343
 30 85 .226694
 31 31 1.000000
 31 32 .181037
 31 33 .257120
 31 34 .208652
 31 35 .141661
 31 36 .294614
 31 37 .243981
 31 38 .262587
 31 39 .294172
 31 40 .528967
 31 41 .537674
 31 42 .240638
 31 43 .269469
 31 44 .267441
 31 45 .270070
 31 46 .521005
 31 47 .434872
 31 48 .227637
 31 49 .046076
 31 50 .362744
 31 51 .216770
 31 52 .414966
 31 53 .481440
 31 54 .431227
 31 55 .195568
 31 56 .254909
 31 57 .263086
 31 58 .240281
 31 59 .203778
 31 60 .242948
 31 61 .391453
 31 62 .123103
 31 63 .341046
 31 64 .179268
 31 65 .394079
 31 66 .370385
 31 67 .300438
 31 68 .284179
 31 69 .513724
 31 70 .403169
 31 71 .297045
 31 72 .180903
 31 73 .366231
 31 74 .444081
 31 75 .467624
 31 76 .294550
 31 77 .412543
 31 78 .236870
 31 79 .481790
 31 80 .143901
 31 81 .492933
 31 82 .241389
 31 83 .214108
 31 84 .638369
 31 85 .227647
 32 32 1.000000
 32 33 .135277
 32 34 .037688
 32 35 .118759
 32 36 .121846
 32 37 .119526
 32 38 .098372
 32 39 .096065
 32 40 .139337
 32 41 .172006
 32 42 .170486
 32 43 .122521
 32 44 .209681
 32 45 .080921
 32 46 .152640
 32 47 .192479
 32 48 .166809
 32 49 .119149
 32 50 .080893
 32 51 .057300
 32 52 .137619
 32 53 .186961
 32 54 .162295
 32 55 .054375
 32 56 .127070
 32 57 .037983
 32 58 .082568
 32 59 .185196
 32 60 .091927
 32 61 .177345
 32 62 .064494
 32 63 .139886
 32 64 -.035555
 32 65 .121734
 32 66 .102420
 32 67 .093867
 32 68 .121198
 32 69 .151401
 32 70 .197264
 32 71 .101331
 32 72 .042514
 32 73 .187191
 32 74 .189436
 32 75 .197370
 32 76 .207259
 32 77 .175080
 32 78 .077506
 32 79 .165238
 32 80 -.034977
 32 81 .120627
 32 82 .083777
 32 83 .167976
 32 84 .212441
 32 85 .142008
 33 33 1.000000
 33 34 .133569
 33 35 .232243
 33 36 .203198
 33 37 .091273
 33 38 .044296
 33 39 .192861
 33 40 .215471
 33 41 .159234
 33 42 .110176
 33 43 .307444
 33 44 .177053
 33 45 .198004
 33 46 .303433
 33 47 .186583
 33 48 .232613
 33 49 .064326
 33 50 .185170
 33 51 .135981
 33 52 .238232
 33 53 .408309
 33 54 .218789
 33 55 .141416
 33 56 .102116
 33 57 .176774
 33 58 .140555
 33 59 .194248
 33 60 .152623
 33 61 .288021
 33 62 .154370
 33 63 .277660
 33 64 .062543
 33 65 .205807
 33 66 .224067
 33 67 .197052
 33 68 .245431
 33 69 .190230
 33 70 .309450
 33 71 .163721
 33 72 .113663
 33 73 .077192
 33 74 .280962
 33 75 .366199
 33 76 .192272
 33 77 .220486
 33 78 .162000
 33 79 .243708
 33 80 .082487
 33 81 .219532
 33 82 .162204
 33 83 .285975
 33 84 .232665
 33 85 .154472
 34 34 1.000000
 34 35 .091222
 34 36 .105476
 34 37 .057605
 34 38 .072046
 34 39 .131024
 34 40 .184364
 34 41 .152484
 34 42 .150698
 34 43 .221364
 34 44 .138176
 34 45 .157114
 34 46 .137715
 34 47 .187224
 34 48 .144280
 34 49 .065798
 34 50 .162673
 34 51 .132750
 34 52 .247491
 34 53 .135831
 34 54 .218536
 34 55 .040724
 34 56 .082285
 34 57 .184794
 34 58 .168715
 34 59 .058803
 34 60 .127838
 34 61 .209192
 34 62 .026054
 34 63 .226815
 34 64 .095276
 34 65 .153387
 34 66 .143114
 34 67 .139901
 34 68 .233457
 34 69 .093434
 34 70 .155934
 34 71 .122552
 34 72 .147444
 34 73 .022467
 34 74 .171184
 34 75 .237379
 34 76 .140081
 34 77 .138930
 34 78 .115063
 34 79 .214044
 34 80 -.009272
 34 81 .122866
 34 82 .163589
 34 83 .194583
 34 84 .197029
 34 85 .049007
 35 35 1.000000
 35 36 .053453
 35 37 .151787
 35 38 .091924
 35 39 .136574
 35 40 .180816
 35 41 .116688
 35 42 .109130
 35 43 .252706
 35 44 .146833
 35 45 .147776
 35 46 .256068
 35 47 .147766
 35 48 .061944
 35 49 .071853
 35 50 .113894
 35 51 -.014419
 35 52 .117244
 35 53 .239571
 35 54 .072300
 35 55 .066411
 35 56 .185312
 35 57 .202303
 35 58 .158438
 35 59 .133611
 35 60 .061324
 35 61 .190520
 35 62 .055047
 35 63 .087127
 35 64 .055714
 35 65 .161222
 35 66 .140623
 35 67 .131790
 35 68 .220016
 35 69 .147469
 35 70 .179627
 35 71 .115297
 35 72 -.006457
 35 73 .147997
 35 74 .257404
 35 75 .198871
 35 76 .131816
 35 77 .223571
 35 78 .088733
 35 79 .184573
 35 80 .059469
 35 81 .138371
 35 82 .067877
 35 83 .172186
 35 84 .228664
 35 85 .151893
 36 36 1.000000
 36 37 .208855
 36 38 .180279
 36 39 .220805
 36 40 .140879
 36 41 .240087
 36 42 .186270
 36 43 .115093
 36 44 .183894
 36 45 .207478
 36 46 .259292
 36 47 .249960
 36 48 .205833
 36 49 .060972
 36 50 .268638
 36 51 .226364
 36 52 .211702
 36 53 .237487
 36 54 .213171
 36 55 .168142
 36 56 .103675
 36 57 .174626
 36 58 .104246
 36 59 .075803
 36 60 .252153
 36 61 .203245
 36 62 .235656
 36 63 .184366
 36 64 .063285
 36 65 .338858
 36 66 .190324
 36 67 .173615
 36 68 .198262
 36 69 .146275
 36 70 .195766
 36 71 .169052
 36 72 .108415
 36 73 .202173
 36 74 .227259
 36 75 .221961
 36 76 .334194
 36 77 .116008
 36 78 .091295
 36 79 .216914
 36 80 .212428
 36 81 .279735
 36 82 .215055
 36 83 .242180
 36 84 .267049
 36 85 .169321
 37 37 1.000000
 37 38 .151302
 37 39 .086600
 37 40 .256801
 37 41 .330816
 37 42 .098546
 37 43 .182568
 37 44 .235674
 37 45 .125596
 37 46 .321718
 37 47 .158824
 37 48 .167112
 37 49 .040442
 37 50 .137912
 37 51 .066670
 37 52 .168237
 37 53 .309600
 37 54 .332478
 37 55 .163933
 37 56 .209397
 37 57 .138120
 37 58 .192133
 37 59 .090238
 37 60 .131227
 37 61 .189627
 37 62 .087187
 37 63 .181424
 37 64 .159608
 37 65 .170830
 37 66 .215246
 37 67 .168026
 37 68 .161203
 37 69 .330079
 37 70 .209411
 37 71 .138446
 37 72 .184664
 37 73 .211748
 37 74 .210125
 37 75 .238181
 37 76 .185671
 37 77 .198933
 37 78 .082063
 37 79 .265192
 37 80 .119162
 37 81 .276321
 37 82 .095292
 37 83 .201085
 37 84 .345679
 37 85 -.071777
 38 38 1.000000
 38 39 .051478
 38 40 .230839
 38 41 .322618
 38 42 .085026
 38 43 .178674
 38 44 .102237
 38 45 .088081
 38 46 .222270
 38 47 .197011
 38 48 .083083
 38 49 .154375
 38 50 .131101
 38 51 -.018545
 38 52 .128522
 38 53 .171331
 38 54 .256172
 38 55 -.005512
 38 56 .181609
 38 57 .085257
 38 58 .123171
 38 59 .094255
 38 60 .068638
 38 61 .122354
 38 62 .047335
 38 63 .119741
 38 64 .074955
 38 65 .103718
 38 66 .166972
 38 67 .153665
 38 68 .033978
 38 69 .177376
 38 70 .129028
 38 71 .072660
 38 72 .090229
 38 73 .225442
 38 74 .126056
 38 75 .135390
 38 76 .154619
 38 77 .254656
 38 78 -.010498
 38 79 .185699
 38 80 -.047087
 38 81 .189216
 38 82 .081227
 38 83 .024771
 38 84 .307436
 38 85 .058871
 39 39 1.000000
 39 40 .285186
 39 41 .192884
 39 42 .268579
 39 43 .262647
 39 44 .076106
 39 45 .195569
 39 46 .234694
 39 47 .189717
 39 48 .053562
 39 49 .050068
 39 50 .493524
 39 51 .227702
 39 52 .466460
 39 53 .268085
 39 54 .216624
 39 55 .158459
 39 56 .169989
 39 57 .344066
 39 58 .143864
 39 59 .177846
 39 60 .103147
 39 61 .337720
 39 62 .105595
 39 63 .298326
 39 64 .148010
 39 65 .294881
 39 66 .253495
 39 67 .282526
 39 68 .172115
 39 69 .179409
 39 70 .336523
 39 71 .123071
 39 72 .178898
 39 73 .188836
 39 74 .268039
 39 75 .344580
 39 76 .232923
 39 77 .190483
 39 78 .221189
 39 79 .250464
 39 80 .041420
 39 81 .188523
 39 82 .168142
 39 83 .130158
 39 84 .283441
 39 85 .128503
 40 40 1.000000
 40 41 .478796
 40 42 .206356
 40 43 .297684
 40 44 .223434
 40 45 .222122
 40 46 .413018
 40 47 .457017
 40 48 .135761
 40 49 .055961
 40 50 .331383
 40 51 .134513
 40 52 .351912
 40 53 .597273
 40 54 .469596
 40 55 .175535
 40 56 .149733
 40 57 .284025
 40 58 .190839
 40 59 .222035
 40 60 .281450
 40 61 .434690
 40 62 .062427
 40 63 .421842
 40 64 .126530
 40 65 .178580
 40 66 .280885
 40 67 .333155
 40 68 .206595
 40 69 .488273
 40 70 .482278
 40 71 .186039
 40 72 .208285
 40 73 .287902
 40 74 .463657
 40 75 .517405
 40 76 .229514
 40 77 .377359
 40 78 .195675
 40 79 .480022
 40 80 .035900
 40 81 .466582
 40 82 .220429
 40 83 .227931
 40 84 .489451
 40 85 .203842
 41 41 1.000000
 41 42 .177668
 41 43 .270782
 41 44 .161068
 41 45 .247907
 41 46 .526277
 41 47 .408186
 41 48 .325576
 41 49 .056575
 41 50 .316725
 41 51 .170851
 41 52 .290352
 41 53 .525225
 41 54 .453911
 41 55 .189933
 41 56 .229656
 41 57 .242623
 41 58 .171433
 41 59 .172599
 41 60 .284188
 41 61 .415500
 41 62 .153898
 41 63 .344792
 41 64 .200654
 41 65 .195259
 41 66 .432394
 41 67 .294861
 41 68 .213550
 41 69 .559146
 41 70 .393388
 41 71 .263769
 41 72 .216731
 41 73 .328490
 41 74 .537954
 41 75 .438746
 41 76 .233786
 41 77 .356086
 41 78 .192601
 41 79 .518926
 41 80 .115005
 41 81 .486759
 41 82 .192409
 41 83 .273505
 41 84 .593200
 41 85 .210387
 42 42 1.000000
 42 43 .260274
 42 44 .129811
 42 45 .235951
 42 46 .237359
 42 47 .204591
 42 48 .188418
 42 49 .062637
 42 50 .270592
 42 51 .310336
 42 52 .284048
 42 53 .228205
 42 54 .170699
 42 55 .049901
 42 56 .211294
 42 57 .251654
 42 58 .126584
 42 59 .039789
 42 60 .139029
 42 61 .242116
 42 62 .130067
 42 63 .288358
 42 64 .270016
 42 65 .233923
 42 66 .237094
 42 67 .264011
 42 68 .237899
 42 69 .236573
 42 70 .270714
 42 71 .163889
 42 72 .156805
 42 73 .129838
 42 74 .150574
 42 75 .265310
 42 76 .282375
 42 77 .185595
 42 78 .187586
 42 79 .252200
 42 80 -.024070
 42 81 .215690
 42 82 .167524
 42 83 .197068
 42 84 .212026
 42 85 .134917
 43 43 1.000000
 43 44 .123444
 43 45 .141354
 43 46 .329310
 43 47 .197058
 43 48 .203883
 43 49 .072223
 43 50 .263132
 43 51 .190027
 43 52 .273741
 43 53 .296927
 43 54 .261905
 43 55 .115595
 43 56 .171611
 43 57 .226172
 43 58 .115500
 43 59 .155333
 43 60 .046949
 43 61 .299049
 43 62 .077854
 43 63 .330912
 43 64 .063175
 43 65 .217881
 43 66 .213174
 43 67 .340697
 43 68 .237845
 43 69 .154192
 43 70 .318352
 43 71 .074316
 43 72 .182366
 43 73 .101889
 43 74 .284689
 43 75 .339786
 43 76 .275328
 43 77 .240918
 43 78 .178709
 43 79 .280579
 43 80 .112471
 43 81 .186987
 43 82 .121880
 43 83 .191663
 43 84 .276978
 43 85 .010751
 44 44 1.000000
 44 45 .149210
 44 46 .248323
 44 47 .227303
 44 48 .151113
 44 49 .073048
 44 50 .219582
 44 51 .250231
 44 52 .191546
 44 53 .202579
 44 54 .165475
 44 55 .106677
 44 56 .126466
 44 57 .120544
 44 58 .204727
 44 59 .077015
 44 60 .032505
 44 61 .102141
 44 62 .062995
 44 63 .170333
 44 64 .131132
 44 65 .198014
 44 66 .167135
 44 67 .046958
 44 68 .222217
 44 69 .206666
 44 70 .140459
 44 71 .086038
 44 72 .032386
 44 73 .058095
 44 74 .180208
 44 75 .199598
 44 76 .060879
 44 77 .261764
 44 78 .207253
 44 79 .289386
 44 80 .150470
 44 81 .211030
 44 82 .109985
 44 83 .146217
 44 84 .270724
 44 85 .110366
 45 45 1.000000
 45 46 .212638
 45 47 .253177
 45 48 .248623
 45 49 .061105
 45 50 .264975
 45 51 .237889
 45 52 .280806
 45 53 .299380
 45 54 .330968
 45 55 .171291
 45 56 .193763
 45 57 .246591
 45 58 .184974
 45 59 .155975
 45 60 .165096
 45 61 .252766
 45 62 .118982
 45 63 .201407
 45 64 .185843
 45 65 .326771
 45 66 .269531
 45 67 .207735
 45 68 .269362
 45 69 .198760
 45 70 .222575
 45 71 .129416
 45 72 .126156
 45 73 .197730
 45 74 .257563
 45 75 .327454
 45 76 .190945
 45 77 .128709
 45 78 .133011
 45 79 .298548
 45 80 .000519
 45 81 .283198
 45 82 .050123
 45 83 .218643
 45 84 .301219
 45 85 .116471
 46 46 1.000000
 46 47 .322091
 46 48 .288568
 46 49 .074218
 46 50 .345390
 46 51 .219314
 46 52 .373784
 46 53 .489270
 46 54 .401785
 46 55 .224384
 46 56 .256758
 46 57 .193889
 46 58 .313259
 46 59 .158483
 46 60 .245128
 46 61 .384543
 46 62 .128324
 46 63 .335718
 46 64 .079858
 46 65 .357543
 46 66 .361127
 46 67 .235060
 46 68 .274844
 46 69 .470609
 46 70 .349253
 46 71 .162441
 46 72 .134371
 46 73 .244877
 46 74 .495765
 46 75 .404645
 46 76 .271256
 46 77 .347844
 46 78 .135094
 46 79 .460623
 46 80 .126315
 46 81 .494075
 46 82 .221196
 46 83 .249691
 46 84 .564397
 46 85 .164999
 47 47 1.000000
 47 48 .201715
 47 49 .123564
 47 50 .215854
 47 51 .230826
 47 52 .280774
 47 53 .451379
 47 54 .378117
 47 55 .138687
 47 56 .245145
 47 57 .163533
 47 58 .190628
 47 59 .200386
 47 60 .199025
 47 61 .372110
 47 62 .115497
 47 63 .354377
 47 64 .048710
 47 65 .201226
 47 66 .267217
 47 67 .214395
 47 68 .309805
 47 69 .464877
 47 70 .436129
 47 71 .266631
 47 72 .186338
 47 73 .287273
 47 74 .425356
 47 75 .413594
 47 76 .240036
 47 77 .324307
 47 78 .126837
 47 79 .388583
 47 80 .115502
 47 81 .353201
 47 82 .216945
 47 83 .260586
 47 84 .379578
 47 85 .271175
 48 48 1.000000
 48 49 .151153
 48 50 .223509
 48 51 .217455
 48 52 .154497
 48 53 .234872
 48 54 .215220
 48 55 .222431
 48 56 .112117
 48 57 .017010
 48 58 .147190
 48 59 .080248
 48 60 .276328
 48 61 .169026
 48 62 .061588
 48 63 .116323
 48 64 .134859
 48 65 .181129
 48 66 .261391
 48 67 .071156
 48 68 .270743
 48 69 .245197
 48 70 .141786
 48 71 .097101
 48 72 .013849
 48 73 .100450
 48 74 .291723
 48 75 .196693
 48 76 .191687
 48 77 .200041
 48 78 .132517
 48 79 .288334
 48 80 .162251
 48 81 .307510
 48 82 .167936
 48 83 .173894
 48 84 .323538
 48 85 .137474
 49 49 1.000000
 49 50 -.030121
 49 51 -.000570
 49 52 -.028130
 49 53 .115358
 49 54 .080465
 49 55 .095254
 49 56 .104981
 49 57 .028568
 49 58 -.007453
 49 59 .028221
 49 60 .120885
 49 61 .060642
 49 62 -.046165
 49 63 .098405
 49 64 .018339
 49 65 .027669
 49 66 .103495
 49 67 .061163
 49 68 .029497
 49 69 .035004
 49 70 .120474
 49 71 .059245
 49 72 -.039707
 49 73 .124347
 49 74 .037870
 49 75 .085818
 49 76 .128308
 49 77 .145227
 49 78 .008407
 49 79 .094479
 49 80 .073743
 49 81 .060689
 49 82 -.019642
 49 83 .009135
 49 84 .088723
 49 85 .002035
 50 50 1.000000
 50 51 .230197
 50 52 .615589
 50 53 .305029
 50 54 .258055
 50 55 .145418
 50 56 .104719
 50 57 .232090
 50 58 .181640
 50 59 .202265
 50 60 .147692
 50 61 .273273
 50 62 .072801
 50 63 .248706
 50 64 .218502
 50 65 .350485
 50 66 .297200
 50 67 .193330
 50 68 .172152
 50 69 .239933
 50 70 .322862
 50 71 .185256
 50 72 .071337
 50 73 .200689
 50 74 .284536
 50 75 .338174
 50 76 .213304
 50 77 .242879
 50 78 .266912
 50 79 .342060
 50 80 .071022
 50 81 .246811
 50 82 .265995
 50 83 .236680
 50 84 .347622
 50 85 .140665
 51 51 1.000000
 51 52 .261318
 51 53 .148303
 51 54 .151899
 51 55 .197166
 51 56 .192989
 51 57 .191633
 51 58 .198211
 51 59 .050617
 51 60 .127100
 51 61 .122111
 51 62 .201527
 51 63 .159593
 51 64 .272698
 51 65 .245148
 51 66 .161049
 51 67 .121979
 51 68 .128298
 51 69 .211894
 51 70 .141945
 51 71 .133985
 51 72 .102646
 51 73 .091055
 51 74 .134096
 51 75 .199446
 51 76 .116117
 51 77 .077547
 51 78 .188256
 51 79 .191785
 51 80 .082524
 51 81 .181807
 51 82 .098356
 51 83 .163401
 51 84 .200072
 51 85 .135787
 52 52 1.000000
 52 53 .313444
 52 54 .288469
 52 55 .192836
 52 56 .119379
 52 57 .260586
 52 58 .094364
 52 59 .165873
 52 60 .116036
 52 61 .302435
 52 62 .205884
 52 63 .300372
 52 64 .154616
 52 65 .270061
 52 66 .281072
 52 67 .238758
 52 68 .267671
 52 69 .254080
 52 70 .290954
 52 71 .190694
 52 72 .119884
 52 73 .231487
 52 74 .229677
 52 75 .371234
 52 76 .259366
 52 77 .211183
 52 78 .293771
 52 79 .246518
 52 80 .045105
 52 81 .309243
 52 82 .258137
 52 83 .204493
 52 84 .367998
 52 85 .191378
 53 53 1.000000
 53 54 .525008
 53 55 .179032
 53 56 .224399
 53 57 .360079
 53 58 .180063
 53 59 .168567
 53 60 .340358
 53 61 .614259
 53 62 .138245
 53 63 .564476
 53 64 .161456
 53 65 .200840
 53 66 .287133
 53 67 .461117
 53 68 .259216
 53 69 .502807
 53 70 .651997
 53 71 .262270
 53 72 .307419
 53 73 .266846
 53 74 .516836
 53 75 .677759
 53 76 .286409
 53 77 .447771
 53 78 .172457
 53 79 .487780
 53 80 .067759
 53 81 .399069
 53 82 .166944
 53 83 .389535
 53 84 .512721
 53 85 .213991
 54 54 1.000000
 54 55 .140647
 54 56 .198082
 54 57 .231502
 54 58 .175142
 54 59 .120491
 54 60 .218075
 54 61 .459529
 54 62 .076893
 54 63 .402814
 54 64 .191369
 54 65 .244731
 54 66 .232782
 54 67 .323366
 54 68 .240632
 54 69 .452021
 54 70 .419150
 54 71 .263086
 54 72 .182753
 54 73 .275573
 54 74 .510640
 54 75 .479387
 54 76 .254022
 54 77 .355562
 54 78 .106408
 54 79 .450051
 54 80 .028931
 54 81 .422933
 54 82 .170315
 54 83 .345926
 54 84 .462199
 54 85 .152988
 55 55 1.000000
 55 56 .157200
 55 57 .092908
 55 58 .076094
 55 59 .139516
 55 60 .143035
 55 61 .105529
 55 62 .182643
 55 63 .079002
 55 64 .106870
 55 65 .194415
 55 66 .211534
 55 67 .077447
 55 68 .150228
 55 69 .170636
 55 70 .111493
 55 71 .086996
 55 72 .115742
 55 73 .046572
 55 74 .195844
 55 75 .170281
 55 76 .133702
 55 77 .083087
 55 78 .081498
 55 79 .154123
 55 80 .171458
 55 81 .224901
 55 82 .219198
 55 83 .139005
 55 84 .232481
 55 85 .072067
 56 56 1.000000
 56 57 .207180
 56 58 .179220
 56 59 .162319
 56 60 .104159
 56 61 .133702
 56 62 .153159
 56 63 .127343
 56 64 .176202
 56 65 .162932
 56 66 .191325
 56 67 .092917
 56 68 .269143
 56 69 .223475
 56 70 .190021
 56 71 .178579
 56 72 .048078
 56 73 .224413
 56 74 .158335
 56 75 .168080
 56 76 .170116
 56 77 .107616
 56 78 .044868
 56 79 .195957
 56 80 -.013361
 56 81 .115185
 56 82 .162297
 56 83 .075111
 56 84 .177338
 56 85 .168777
 57 57 1.000000
 57 58 .145247
 57 59 .150212
 57 60 .089714
 57 61 .404767
 57 62 .158461
 57 63 .403037
 57 64 .151829
 57 65 .112677
 57 66 .188142
 57 67 .390403
 57 68 .263121
 57 69 .153277
 57 70 .381511
 57 71 .213427
 57 72 .213713
 57 73 .147778
 57 74 .184735
 57 75 .429974
 57 76 .201814
 57 77 .211964
 57 78 .142924
 57 79 .234141
 57 80 .039125
 57 81 .166642
 57 82 .108499
 57 83 .209757
 57 84 .272961
 57 85 .093157
 58 58 1.000000
 58 59 .104413
 58 60 .069194
 58 61 .130876
 58 62 .038342
 58 63 .062179
 58 64 .119110
 58 65 .225771
 58 66 .238317
 58 67 -.002464
 58 68 .161023
 58 69 .269486
 58 70 .063894
 58 71 .085734
 58 72 .139400
 58 73 .110707
 58 74 .208938
 58 75 .161046
 58 76 .104921
 58 77 .184218
 58 78 .166201
 58 79 .342034
 58 80 .083661
 58 81 .201396
 58 82 .083854
 58 83 .211275
 58 84 .257391
 58 85 .183604
 59 59 1.000000
 59 60 .083008
 59 61 .171864
 59 62 .077350
 59 63 .149311
 59 64 .049411
 59 65 .075760
 59 66 .189344
 59 67 .105014
 59 68 .142115
 59 69 .197314
 59 70 .194595
 59 71 -.011475
 59 72 .032392
 59 73 .189763
 59 74 .245859
 59 75 .182717
 59 76 .188857
 59 77 .172609
 59 78 .078347
 59 79 .134543
 59 80 .047827
 59 81 .123030
 59 82 .118401
 59 83 .141075
 59 84 .230932
 59 85 .158632
 60 60 1.000000
 60 61 .199533
 60 62 .071040
 60 63 .161861
 60 64 .100182
 60 65 .172978
 60 66 .224382
 60 67 .108354
 60 68 .083856
 60 69 .242728
 60 70 .254068
 60 71 .194340
 60 72 .093844
 60 73 .124357
 60 74 .295816
 60 75 .240145
 60 76 .186547
 60 77 .202122
 60 78 .175581
 60 79 .202568
 60 80 .156687
 60 81 .250285
 60 82 .055790
 60 83 .199252
 60 84 .294809
 60 85 .105210
 61 61 1.000000
 61 62 .087913
 61 63 .670542
 61 64 .004440
 61 65 .262001
 61 66 .254803
 61 67 .629940
 61 68 .236631
 61 69 .371052
 61 70 .671974
 61 71 .236428
 61 72 .190293
 61 73 .191067
 61 74 .454686
 61 75 .750353
 61 76 .283431
 61 77 .298061
 61 78 .131887
 61 79 .370713
 61 80 .063700
 61 81 .356474
 61 82 .131942
 61 83 .270871
 61 84 .437369
 61 85 .138435
 62 62 1.000000
 62 63 .060493
 62 64 .046102
 62 65 .130636
 62 66 .048899
 62 67 .092563
 62 68 .111645
 62 69 .060096
 62 70 .080765
 62 71 .118336
 62 72 .106088
 62 73 .084098
 62 74 .140868
 62 75 .102182
 62 76 .186982
 62 77 .041148
 62 78 -.011994
 62 79 .108278
 62 80 -.000830
 62 81 .115419
 62 82 .063929
 62 83 .031918
 62 84 .134524
 62 85 .160417
 63 63 1.000000
 63 64 .030388
 63 65 .151575
 63 66 .180202
 63 67 .645339
 63 68 .221614
 63 69 .370540
 63 70 .689125
 63 71 .250499
 63 72 .099622
 63 73 .156200
 63 74 .328580
 63 75 .729378
 63 76 .294758
 63 77 .325110
 63 78 .043699
 63 79 .312864
 63 80 .059281
 63 81 .228290
 63 82 .060975
 63 83 .248367
 63 84 .335189
 63 85 .059069
 64 64 1.000000
 64 65 .086251
 64 66 .183455
 64 67 .092756
 64 68 .114587
 64 69 .207102
 64 70 .058079
 64 71 .276458
 64 72 .136803
 64 73 .111360
 64 74 .183467
 64 75 .075697
 64 76 .108752
 64 77 .083009
 64 78 .047787
 64 79 .172379
 64 80 .113220
 64 81 .136175
 64 82 .120414
 64 83 .175867
 64 84 .134714
 64 85 .155279
 65 65 1.000000
 65 66 .318742
 65 67 .189324
 65 68 .221745
 65 69 .141338
 65 70 .170852
 65 71 .207591
 65 72 .104886
 65 73 .176378
 65 74 .279841
 65 75 .252176
 65 76 .289072
 65 77 .212907
 65 78 .211557
 65 79 .317048
 65 80 .088892
 65 81 .248723
 65 82 .164347
 65 83 .146135
 65 84 .323903
 65 85 .059130
 66 66 1.000000
 66 67 .243026
 66 68 .227346
 66 69 .329466
 66 70 .236854
 66 71 .194726
 66 72 .239282
 66 73 .276515
 66 74 .336574
 66 75 .325713
 66 76 .204768
 66 77 .242316
 66 78 .230213
 66 79 .390677
 66 80 .195484
 66 81 .328760
 66 82 .202013
 66 83 .262147
 66 84 .422783
 66 85 .276925
 67 67 1.000000
 67 68 .190559
 67 69 .204019
 67 70 .527612
 67 71 .198007
 67 72 .163182
 67 73 .209651
 67 74 .315065
 67 75 .658149
 67 76 .301218
 67 77 .222566
 67 78 .056594
 67 79 .304556
 67 80 .015471
 67 81 .252479
 67 82 .102065
 67 83 .177685
 67 84 .295233
 67 85 .117975
 68 68 1.000000
 68 69 .240466
 68 70 .281914
 68 71 .170983
 68 72 .066881
 68 73 .075589
 68 74 .208227
 68 75 .329394
 68 76 .135026
 68 77 .248441
 68 78 .226249
 68 79 .270197
 68 80 .077535
 68 81 .244523
 68 82 .210975
 68 83 .256623
 68 84 .209769
 68 85 .135088
 69 69 1.000000
 69 70 .396596
 69 71 .301031
 69 72 .172671
 69 73 .388364
 69 74 .529672
 69 75 .415774
 69 76 .206601
 69 77 .432963
 69 78 .133881
 69 79 .393766
 69 80 .127022
 69 81 .436468
 69 82 .198066
 69 83 .239096
 69 84 .515261
 69 85 .162678
 70 70 1.000000
 70 71 .300577
 70 72 .161629
 70 73 .214488
 70 74 .388854
 70 75 .765743
 70 76 .345316
 70 77 .277960
 70 78 .151953
 70 79 .345218
 70 80 .028153
 70 81 .283322
 70 82 .136334
 70 83 .313785
 70 84 .376533
 70 85 .113228
 71 71 1.000000
 71 72 .091653
 71 73 .256613
 71 74 .271110
 71 75 .247840
 71 76 .224972
 71 77 .185195
 71 78 .113561
 71 79 .260774
 71 80 .076476
 71 81 .218138
 71 82 .107938
 71 83 .171846
 71 84 .257024
 71 85 .165454
 72 72 1.000000
 72 73 .105536
 72 74 .196158
 72 75 .175216
 72 76 .071857
 72 77 .210757
 72 78 .119146
 72 79 .172110
 72 80 .043501
 72 81 .132767
 72 82 .181584
 72 83 .228552
 72 84 .242996
 72 85 .175501
 73 73 1.000000
 73 74 .253558
 73 75 .224943
 73 76 .211959
 73 77 .231708
 73 78 .108861
 73 79 .229671
 73 80 -.054044
 73 81 .175774
 73 82 .210656
 73 83 .143978
 73 84 .307886
 73 85 .215558
 74 74 1.000000
 74 75 .443233
 74 76 .337586
 74 77 .364606
 74 78 .113598
 74 79 .457171
 74 80 .127919
 74 81 .519245
 74 82 .169988
 74 83 .261792
 74 84 .543054
 74 85 .194960
 75 75 1.000000
 75 76 .334819
 75 77 .338341
 75 78 .141694
 75 79 .432995
 75 80 .034616
 75 81 .333168
 75 82 .151468
 75 83 .298618
 75 84 .484152
 75 85 .120812
 76 76 1.000000
 76 77 .214121
 76 78 .083711
 76 79 .255869
 76 80 .087558
 76 81 .305809
 76 82 .137213
 76 83 .159829
 76 84 .290179
 76 85 .064121
 77 77 1.000000
 77 78 .166327
 77 79 .314647
 77 80 .132357
 77 81 .353601
 77 82 .259628
 77 83 .167781
 77 84 .440673
 77 85 .163633
 78 78 1.000000
 78 79 .162017
 78 80 .106363
 78 81 .177743
 78 82 .206815
 78 83 .231790
 78 84 .127738
 78 85 .122079
 79 79 1.000000
 79 80 .094581
 79 81 .395719
 79 82 .200559
 79 83 .294484
 79 84 .490590
 79 85 .197946
 80 80 1.000000
 80 81 .093776
 80 82 -.017738
 80 83 .091426
 80 84 .156229
 80 85 .065892
 81 81 1.000000
 81 82 .209312
 81 83 .253875
 81 84 .571528
 81 85 .161161
 82 82 1.000000
 82 83 .185815
 82 84 .179953
 82 85 .192000
 83 83 1.000000
 83 84 .236215
 83 85 .209678
 84 84 1.000000
 84 85 .175823
 85 85 1.000000

