  .0082090000  .0015166351
  .0082060776  .0015127015
  .0082031552  .0015087908
  .0082002328  .0015049030
  .0081973105  .0015010381
  .0081943881  .0014971961
  .0081914657  .0014933769
  .0081885433  .0014895807
  .0081856209  .0014858074
  .0081826995  .0014820581
  .0081797771  .0014783305
  .0081768547  .0014746259
  .0081739323  .0014709441
  .0081710099  .0014672852
  .0081680876  .0014636492
  .0081651649  .0014600317
  .0081622421  .0014564260
  .0081593194  .0014528320
  .0081563967  .0014492498
  .0081534740  .0014456793
  .0081505512  .0014421206
  .0081476285  .0014385736
  .0081447058  .0014350383
  .0081417831  .0014315148
  .0081388603  .0014280030
  .0081359376  .0014245030
  .0081330158  .0014210158
  .0081300931  .0014175393
  .0081271703  .0014140745
  .0081242476  .0014106214
  .0081213249  .0014071801
  .0081184022  .0014037505
  .0081154794  .0014003326
  .0081125567  .0013969265
  .0081096340  .0013935322
  .0081067112  .0013901496
  .0081037885  .0013867787
  .0081008658  .0013834196
  .0080979431  .0013800722
  .0080950204  .0013767365
  .0080920976  .0013734126
  .0080891749  .0013701004
  .0080862522  .0013668000
  .0080833304  .0013635124
  .0080804076  .0013602354
  .0080774849  .0013569702
  .0080745622  .0013537168
  .0080716395  .0013504750
  .0080687167  .0013472451
  .0080657940  .0013440268
  .0080628713  .0013408203
  .0080599486  .0013376256
  .0080570258  .0013344426
  .0080541031  .0013312713
  .0080511804  .0013281118
  .0080482576  .0013249639
  .0080453349  .0013218279
  .0080424122  .0013187036
  .0080394895  .0013155911
  .0080365667  .0013124902
  .0080336449  .0013094021
  .0080307222  .0013063248
  .0080277995  .0013032592
  .0080248768  .0013002053
  .0080219540  .0012971632
  .0080190313  .0012941328
  .0080161086  .0012911142
  .0080131858  .0012881073
  .0080102631  .0012851121
  .0080073404  .0012821288
  .0080044176  .0012791571
  .0080014950  .0012761972
  .0079985722  .0012732490
  .0079956495  .0012703125
  .0079927267  .0012673878
  .0079898040  .0012644749
  .0079868813  .0012615736
  .0079839595  .0012586851
  .0079810368  .0012558073
  .0079781140  .0012529413
  .0079751913  .0012500871
  .0079722686  .0012472446
  .0079693458  .0012444138
  .0079664231  .0012415948
  .0079635004  .0012387875
  .0079605777  .0012359919
  .0079576550  .0012332081
  .0079547322  .0012304360
  .0079518095  .0012276757
  .0079488868  .0012249272
  .0079459641  .0012221904
  .0079430414  .0012194653
  .0079401185  .0012167518
  .0079371969  .0012140512
  .0079342740  .0012113612
  .0079313513  .0012086831
  .0079284286  .0012060167
  .0079255059  .0012033621
  .0079225832  .0012007192
  .0079196603  .0011980879
  .0079167376  .0011954685
  .0079138150  .0011928609
  .0079108923  .0011902650
  .0079079696  .0011876808
  .0079050469  .0011851084
  .0079021240  .0011825475
  .0078992013  .0011799986
  .0078962786  .0011774613
  .0078933559  .0011749359
  .0078904332  .0011724222
  .0078875114  .0011699209
  .0078845887  .0011674307
  .0078816660  .0011649522
  .0078787431  .0011624853
  .0078758204  .0011600302
  .0078728977  .0011575870
  .0078699750  .0011551554
  .0078670523  .0011527356
  .0078641295  .0011503275
  .0078612068  .0011479311
  .0078582841  .0011455465
  .0078553614  .0011431737
  .0078524387  .0011408126
  .0078495160  .0011384633
  .0078465931  .0011361255
  .0078436704  .0011337997
  .0078407477  .0011314856
  .0078378259  .0011291839
  .0078349032  .0011268932
  .0078319805  .0011246143
  .0078290578  .0011223471
  .0078261351  .0011200917
  .0078232123  .0011178479
  .0078202895  .0011156160
  .0078173668  .0011133958
  .0078144440  .0011111861
  .0078115212  .0011089842
  .0078085983  .0011067900
  .0078056752  .0011046034
  .0078027523  .0011024245
  .0077998299  .0011002537
  .0077969071  .0010980902
  .0077939838  .0010959338
  .0077910601  .0010937819
  .0077881365  .0010916341
  .0077852128  .0010894905
  .0077822892  .0010873511
  .0077793657  .0010852158
  .0077764425  .0010830850
  .0077735188  .0010809579
  .0077705951  .0010788350
  .0077676715  .0010767163
  .0077647479  .0010746017
  .0077618243  .0010724913
  .0077589007  .0010703850
  .0077559771  .0010682829
  .0077530534  .0010661849
  .0077501302  .0010640913
  .0077472065  .0010620016
  .0077442831  .0010599161
  .0077413594  .0010578347
  .0077384357  .0010557574
  .0077355121  .0010536843
  .0077325884  .0010516153
  .0077296648  .0010495504
  .0077267417  .0010474901
  .0077238181  .0010454336
  .0077208944  .0010433812
  .0077179708  .0010413329
  .0077150471  .0010392888
  .0077121235  .0010372488
  .0077091999  .0010352130
  .0077062763  .0010331814
  .0077033526  .0010311538
  .0077004294  .0010291308
  .0076975058  .0010271115
  .0076945822  .0010250964
  .0076916585  .0010230855
  .0076887350  .0010210787
  .0076858113  .0010190761
  .0076828877  .0010170776
  .0076799640  .0010150832
  .0076770409  .0010130933
  .0076741172  .0010111072
  .0076711935  .0010091253
  .0076682700  .0010071476
  .0076653464  .0010051740
  .0076624228  .0010032045
  .0076594991  .0010012391
  .0076565754  .0009992779
  .0076536518  .0009973209
  .0076507288  .0009953683
  .0076478051  .0009934195
  .0076448814  .0009914749
  .0076419578  .0009895345
  .0076390341  .0009875981
  .0076361105  .0009856660
  .0076331868  .0009837379
  .0076302633  .0009818141
  .0076273401  .0009798947
  .0076244165  .0009779791
  .0076214928  .0009760676
  .0076185692  .0009741603
  .0076156456  .0009722572
  .0076127219  .0009703582
  .0076097984  .0009684634
  .0076068747  .0009665726
  .0076039511  .0009646861
  .0076010278  .0009628039
  .0075981042  .0009609256
  .0075951806  .0009590515
  .0075922570  .0009571816
  .0075893334  .0009553157
  .0075864098  .0009534540
  .0075834861  .0009515965
  .0075805625  .0009497431
  .0075776393  .0009478941
  .0075747157  .0009460490
  .0075717921  .0009442080
  .0075688684  .0009423712
  .0075659448  .0009405386
  .0075630211  .0009387100
  .0075600975  .0009368856
  .0075571738  .0009350654
  .0075542508  .0009332496
  .0075513271  .0009314377
  .0075484035  .0009296299
  .0075454798  .0009278262
  .0075425562  .0009260267
  .0075396326  .0009242314
  .0075367089  .0009224401
  .0075337854  .0009206531
  .0075308617  .0009188702
  .0075279385  .0009170917
  .0075250149  .0009153171
  .0075220913  .0009135466
  .0075191676  .0009117802
  .0075162441  .0009100181
  .0075133204  .0009082600
  .0075103968  .0009065061
  .0075074731  .0009047563
  .0075045499  .0009030110
  .0075016263  .0009012695
  .0074987028  .0008995323
  .0074957791  .0008977991
  .0074928554  .0008960700
  .0074899318  .0008943451
  .0074870082  .0008926244
  .0074840845  .0008909078
  .0074811609  .0008891954
  .0074782378  .0008874874
  .0074753142  .0008857832
  .0074723904  .0008840832
  .0074694669  .0008823874
  .0074665432  .0008806956
  .0074636195  .0008790080
  .0074606961  .0008773247
  .0074577723  .0008756454
  .0074548491  .0008739705
  .0074519255  .0008722995
  .0074490020  .0008706327
  .0074460782  .0008689699
  .0074431547  .0008673115
  .0074402310  .0008656570
  .0074373074  .0008640068
  .0074343838  .0008623607
  .0074314600  .0008607186
  .0074285368  .0008590811
  .0074256133  .0008574474
  .0074226898  .0008558180
  .0074197661  .0008541926
  .0074168425  .0008525713
  .0074139189  .0008509543
  .0074109951  .0008493413
  .0074080716  .0008477325
  .0074051485  .0008461281
  .0074022247  .0008445276
  .0073993012  .0008429313
  .0073963776  .0008413391
  .0073934538  .0008397509
  .0073905302  .0008381670
  .0073876066  .0008365873
  .0073846829  .0008350116
  .0073817594  .0008334402
  .0073788362  .0008318731
  .0073759124  .0008303098
  .0073729889  .0008287508
  .0073700653  .0008271959
  .0073671416  .0008256451
  .0073642180  .0008240985
  .0073612945  .0008225561
  .0073583707  .0008210177
  .0073554475  .0008194838
  .0073525240  .0008179538
  .0073496004  .0008164279
  .0073466767  .0008149062
  .0073437532  .0008133886
  .0073408294  .0008118751
  .0073379058  .0008103658
  .0073349822  .0008088607
  .0073320585  .0008073596
  .0073291352  .0008058630
  .0073262118  .0008043704
  .0073232882  .0008028818
  .0073203645  .0008013973
  .0073174408  .0007999171
  .0073145171  .0007984409
  .0073115936  .0007969690
  .0073086701  .0007955012
  .0073057469  .0007940377
  .0073028231  .0007925781
  .0072998995  .0007911227
  .0072969760  .0007896715
  .0072940523  .0007882243
  .0072911287  .0007867814
  .0072882051  .0007853426
  .0072852814  .0007839079
  .0072823582  .0007824776
  .0072794347  .0007810512
  .0072765109  .0007796289
  .0072735874  .0007782109
  .0072706638  .0007767970
  .0072677401  .0007753871
  .0072648165  .0007739815
  .0072618929  .0007725800
  .0072589691  .0007711826
  .0072560460  .0007697896
  .0072531225  .0007684006
  .0072501987  .0007670156
  .0072472751  .0007656348
  .0072443516  .0007642582
  .0072414278  .0007628857
  .0072385043  .0007615174
  .0072355806  .0007601532
  .0072326576  .0007587934
  .0072297338  .0007574374
  .0072268103  .0007560857
  .0072238865  .0007547380
  .0072209629  .0007533946
  .0072180393  .0007520553
  .0072151156  .0007507201
  .0072121921  .0007493891
  .0072092685  .0007480622
  .0072063453  .0007467397
  .0072034217  .0007454211
  .0072004983  .0007441064
  .0071975748  .0007427955
  .0071946513  .0007414885
  .0071917279  .0007401854
  .0071888045  .0007388860
  .0071858810  .0007375904
  .0071829580  .0007362989
  .0071800347  .0007350111
  .0071771112  .0007337270
  .0071741879  .0007324468
  .0071712644  .0007311704
  .0071683410  .0007298979
  .0071654175  .0007286291
  .0071624941  .0007273642
  .0071595706  .0007261031
  .0071566476  .0007248460
  .0071537242  .0007235926
  .0071508007  .0007223429
  .0071478773  .0007210972
  .0071449540  .0007198553
  .0071420306  .0007186172
  .0071391071  .0007173829
  .0071361837  .0007161524
  .0071332607  .0007149259
  .0071303372  .0007137031
  .0071274138  .0007124841
  .0071244904  .0007112689
  .0071215670  .0007100576
  .0071186435  .0007088501
  .0071157200  .0007076464
  .0071127966  .0007064465
  .0071098732  .0007052505
  .0071069502  .0007040585
  .0071040270  .0007028702
  .0071011035  .0007016857
  .0070981800  .0007005049
  .0070952565  .0006993280
  .0070923331  .0006981550
  .0070894096  .0006969857
  .0070864862  .0006958203
  .0070835632  .0006946589
  .0070806399  .0006935012
  .0070777164  .0006923472
  .0070747929  .0006911971
  .0070718694  .0006900508
  .0070689461  .0006889084
  .0070660227  .0006877698
  .0070630992  .0006866350
  .0070601759  .0006855041
  .0070572530  .0006843771
  .0070543295  .0006832538
  .0070514060  .0006821343
  .0070484825  .0006810186
  .0070455590  .0006799068
  .0070426356  .0006787988
  .0070397121  .0006776946
  .0070367887  .0006765943
  .0070338657  .0006754979
  .0070309425  .0006744053
  .0070280190  .0006733164
  .0070250956  .0006722314
  .0070221721  .0006711502
  .0070192486  .0006700728
  .0070163253  .0006689992
  .0070134018  .0006679295
  .0070104788  .0006668638
  .0070075554  .0006658017
  .0070046320  .0006647435
  .0070017085  .0006636890
  .0069987850  .0006626384
  .0069958615  .0006615916
  .0069929383  .0006605488
  .0069900149  .0006595096
  .0069870914  .0006584743
  .0069841685  .0006574431
  .0069812450  .0006564154
  .0069783216  .0006553916
  .0069753981  .0006543716
  .0069724746  .0006533555
  .0069695513  .0006523432
  .0069666278  .0006513347
  .0069637045  .0006503300
  .0069607814  .0006493293
  .0069578579  .0006483323
  .0069549346  .0006473392
  .0069520112  .0006463498
  .0069490878  .0006453643
  .0069461643  .0006443826
  .0069432408  .0006434047
  .0069403174  .0006424306
  .0069373939  .0006414604
  .0069344709  .0006404942
  .0069315475  .0006395316
  .0069286240  .0006385728
  .0069257008  .0006376180
  .0069227774  .0006366669
  .0069198539  .0006357196
  .0069169304  .0006347762
  .0069140070  .0006338366
  .0069110840  .0006329010
  .0069081604  .0006319686
  .0069052366  .0006310385
  .0069023131  .0006301108
  .0068993894  .0006291852
  .0068964658  .0006282620
  .0068935421  .0006273409
  .0068906185  .0006264222
  .0068876949  .0006255057
  .0068847717  .0006245916
  .0068818479  .0006236796
  .0068789244  .0006227699
  .0068760007  .0006218624
  .0068730772  .0006209573
  .0068701533  .0006200542
  .0068672299  .0006191536
  .0068643062  .0006182552
  .0068613829  .0006173591
  .0068584592  .0006164652
  .0068555356  .0006155735
  .0068526119  .0006146841
  .0068496883  .0006137970
  .0068467646  .0006129121
  .0068438410  .0006120294
  .0068409173  .0006111491
  .0068379937  .0006102710
  .0068350706  .0006093953
  .0068321469  .0006085216
  .0068292232  .0006076503
  .0068262994  .0006067812
  .0068233760  .0006059144
  .0068204523  .0006050498
  .0068175285  .0006041875
  .0068146049  .0006033274
  .0068116817  .0006024698
  .0068087582  .0006016143
  .0068058344  .0006007610
  .0068029108  .0005999099
  .0067999872  .0005990612
  .0067970635  .0005982147
  .0067941399  .0005973704
  .0067912162  .0005965284
  .0067882925  .0005956887
  .0067853693  .0005948513
  .0067824456  .0005940161
  .0067795220  .0005931831
  .0067765985  .0005923525
  .0067736746  .0005915240
  .0067707511  .0005906978
  .0067678273  .0005898739
  .0067649039  .0005890523
  .0067619806  .0005882329
  .0067590569  .0005874158
  .0067561333  .0005866008
  .0067532099  .0005857875
  .0067502864  .0005849758
  .0067473627  .0005841656
  .0067444394  .0005833570
  .0067415158  .0005825498
  .0067385927  .0005817444
  .0067356692  .0005809404
  .0067327456  .0005801379
  .0067298223  .0005793370
  .0067268985  .0005785376
  .0067239751  .0005777398
  .0067210515  .0005769435
  .0067181280  .0005761487
  .0067152046  .0005753555
  .0067122813  .0005745640
  .0067093579  .0005737739
  .0067064344  .0005729853
  .0067035109  .0005721983
  .0067005874  .0005714129
  .0066976637  .0005706289
  .0066947403  .0005698466
  .0066918168  .0005690657
  .0066888936  .0005682865
  .0066859701  .0005675088
  .0066830467  .0005667326
  .0066801232  .0005659580
  .0066771995  .0005651848
  .0066742761  .0005644133
  .0066713526  .0005636433
  .0066684289  .0005628748
  .0066655055  .0005621079
  .0066625825  .0005613426
  .0066596590  .0005605788
  .0066567353  .0005598165
  .0066538119  .0005590558
  .0066508883  .0005582966
  .0066479648  .0005575389
  .0066450413  .0005567828
  .0066421178  .0005560283
  .0066391947  .0005552754
  .0066362711  .0005545239
  .0066333477  .0005537740
  .0066304242  .0005530256
  .0066275005  .0005522788
  .0066245772  .0005515335
  .0066216535  .0005507898
  .0066187300  .0005500476
  .0066158065  .0005493069
  .0066128833  .0005485679
  .0066099598  .0005478303
  .0066070364  .0005470944
  .0066041129  .0005463599
  .0066011894  .0005456270
  .0065982657  .0005448956
  .0065953422  .0005441658
  .0065924189  .0005434375
  .0065894956  .0005427109
  .0065865721  .0005419856
  .0065836484  .0005412618
  .0065807250  .0005405396
  .0065778014  .0005398187
  .0065748778  .0005390993
  .0065719543  .0005383814
  .0065690307  .0005376650
  .0065661072  .0005369501
  .0065631841  .0005362366
  .0065602604  .0005355245
  .0065573369  .0005348137
  .0065544133  .0005341043
  .0065514896  .0005333963
  .0065485660  .0005326897
  .0065456424  .0005319845
  .0065427189  .0005312806
  .0065397957  .0005305783
  .0065368721  .0005298772
  .0065339485  .0005291775
  .0065310250  .0005284792
  .0065281013  .0005277823
  .0065251778  .0005270868
  .0065222541  .0005263926
  .0065193308  .0005256999
  .0065164076  .0005250087
  .0065134840  .0005243187
  .0065105604  .0005236301
  .0065076369  .0005229429
  .0065047133  .0005222571
  .0065017897  .0005215727
  .0064988660  .0005208896
  .0064959424  .0005202079
  .0064930188  .0005195276
  .0064900957  .0005188488
  .0064871722  .0005181714
  .0064842484  .0005174951
  .0064813249  .0005168201
  .0064784013  .0005161463
  .0064754776  .0005154737
  .0064725540  .0005148024
  .0064696303  .0005141323
  .0064667071  .0005134635
  .0064637836  .0005127958
  .0064608599  .0005121293
  .0064579363  .0005114641
  .0064550126  .0005108001
  .0064520892  .0005101373
  .0064491654  .0005094757
  .0064462417  .0005088154
  .0064433181  .0005081563
  .0064403950  .0005074985
  .0064374714  .0005068418
  .0064345477  .0005061863
  .0064316240  .0005055321
  .0064287005  .0005048791
  .0064257768  .0005042273
  .0064228533  .0005035767
  .0064199296  .0005029273
  .0064170064  .0005022793
  .0064140828  .0005016324
  .0064111591  .0005009867
  .0064082355  .0005003423
  .0064053120  .0004996990
  .0064023882  .0004990570
  .0063994648  .0004984161
  .0063965416  .0004977762
  .0063936183  .0004971373
  .0063906954  .0004964995
  .0063877721  .0004958625
  .0063848487  .0004952265
  .0063819254  .0004945915
  .0063790020  .0004939575
  .0063760786  .0004933245
  .0063731553  .0004926924
  .0063702320  .0004920614
  .0063673091  .0004914314
  .0063643858  .0004908023
  .0063614626  .0004901742
  .0063585392  .0004895471
  .0063556159  .0004889210
  .0063526926  .0004882959
  .0063497692  .0004876717
  .0063468459  .0004870486
  .0063439226  .0004864264
  .0063409997  .0004858054
  .0063380764  .0004851852
  .0063351531  .0004845660
  .0063322297  .0004839478
  .0063293067  .0004833306
  .0063263834  .0004827144
  .0063234599  .0004820992
  .0063205367  .0004814849
  .0063176137  .0004808718
  .0063146905  .0004802595
  .0063117673  .0004796483
  .0063088440  .0004790380
  .0063059205  .0004784287
  .0063029972  .0004778204
  .0063000738  .0004772131
  .0062971506  .0004766068
  .0062942273  .0004760015
  .0062913043  .0004753972
  .0062883811  .0004747939
  .0062854578  .0004741915
  .0062825345  .0004735901
  .0062796111  .0004729898
  .0062766878  .0004723904
  .0062737644  .0004717920
  .0062708411  .0004711946
  .0062679184  .0004705983
  .0062649950  .0004700028
  .0062620717  .0004694084
  .0062591483  .0004688149
  .0062562250  .0004682225
  .0062533017  .0004676310
  .0062503787  .0004670406
  .0062474552  .0004664510
  .0062445324  .0004658627
  .0062416091  .0004652752
  .0062386858  .0004646886
  .0062357625  .0004641031
  .0062328391  .0004635186
  .0062299157  .0004629350
  .0062269925  .0004623525
  .0062240692  .0004617709
  .0062211458  .0004611903
  .0062182230  .0004606108
  .0062152996  .0004600322
  .0062123764  .0004594546
  .0062094531  .0004588780
  .0062065297  .0004583024
  .0062036063  .0004577277
  .0062006831  .0004571541
  .0061977597  .0004565814
  .0061948369  .0004560099
  .0061919135  .0004554392
  .0061889903  .0004548695
  .0061860669  .0004543008
  .0061831435  .0004537331
  .0061802203  .0004531664
  .0061772969  .0004526006
  .0061743738  .0004520359
  .0061714505  .0004514722
  .0061685277  .0004509095
  .0061656043  .0004503478
  .0061626811  .0004497870
  .0061597578  .0004492272
  .0061568343  .0004486684
  .0061539110  .0004481106
  .0061509877  .0004475538
  .0061480644  .0004469979
  .0061451416  .0004464432
  .0061422182  .0004458893
  .0061392949  .0004453365
  .0061363716  .0004447846
  .0061334483  .0004442338
  .0061305250  .0004436839
  .0061276017  .0004431350
  .0061246782  .0004425870
  .0061217549  .0004420401
  .0061188322  .0004414943
  .0061159088  .0004409494
  .0061129854  .0004404054
  .0061100622  .0004398625
  .0061071390  .0004393205
  .0061042155  .0004387795
  .0061012922  .0004382395
  .0060983688  .0004377005
  .0060954460  .0004371626
  .0060925230  .0004366256
  .0060895996  .0004360896
  .0060866763  .0004355546
  .0060837530  .0004350205
  .0060808296  .0004344874
  .0060779063  .0004339554
  .0060749830  .0004334243
  .0060720596  .0004328942
  .0060691369  .0004323652
  .0060662134  .0004318371
  .0060632901  .0004313100
  .0060603669  .0004307839
  .0060574435  .0004302587
  .0060545202  .0004297346
  .0060515969  .0004292114
  .0060486735  .0004286892
  .0060457507  .0004281682
  .0060428274  .0004276480
  .0060399041  .0004271288
  .0060369807  .0004266106
  .0060340574  .0004260934
  .0060311340  .0004255771
  .0060282110  .0004250619
  .0060252877  .0004245477
  .0060223643  .0004240344
  .0060194413  .0004235222
  .0060165179  .0004230109
  .0060135949  .0004225007
  .0060106715  .0004219914
  .0060077482  .0004214831
  .0060048249  .0004209757
  .0060019015  .0004204694
  .0059989782  .0004199641
  .0059960554  .0004194598
  .0059931321  .0004189565
  .0059902087  .0004184541
  .0059872854  .0004179527
  .0059843619  .0004174522
  .0059814386  .0004169525
  .0059785153  .0004164538
  .0059755921  .0004159559
  .0059726690  .0004154589
  .0059697457  .0004149628
  .0059668222  .0004144675
  .0059638989  .0004139731
  .0059609757  .0004134796
  .0059580523  .0004129869
  .0059551289  .0004124951
  .0059522055  .0004120042
  .0059492821  .0004115141
  .0059463593  .0004110251
  .0059434360  .0004105368
  .0059405125  .0004100493
  .0059375893  .0004095628
  .0059346660  .0004090771
  .0059317424  .0004085923
  .0059288192  .0004081084
  .0059258957  .0004076253
  .0059229729  .0004071432
  .0059200496  .0004066619
  .0059171261  .0004061814
  .0059142028  .0004057019
  .0059112795  .0004052232
  .0059083560  .0004047453
  .0059054327  .0004042684
  .0059025095  .0004037923
  .0058995859  .0004033171
  .0058966631  .0004028428
  .0058937399  .0004023694
  .0058908163  .0004018968
  .0058878931  .0004014251
  .0058849696  .0004009542
  .0058820463  .0004004843
  .0058791230  .0004000152
  .0058761995  .0003995469
  .0058732767  .0003990797
  .0058703535  .0003986132
  .0058674300  .0003981476
  .0058645067  .0003976829
  .0058615834  .0003972190
  .0058586599  .0003967560
  .0058557365  .0003962939
  .0058528130  .0003958326
  .0058498897  .0003953723
  .0058469670  .0003949129
  .0058440435  .0003944542
  .0058411203  .0003939965
  .0058381969  .0003935396
  .0058352734  .0003930835
  .0058323501  .0003926282
  .0058294266  .0003921738
  .0058265031  .0003917202
  .0058235804  .0003912675
  .0058206569  .0003908156
  .0058177337  .0003903645
  .0058148102  .0003899143
  .0058118867  .0003894648
  .0058089634  .0003890162
  .0058060400  .0003885685
  .0058031165  .0003881215
  .0058001932  .0003876755
  .0057972703  .0003872303
  .0057943467  .0003867858
  .0057914235  .0003863422
  .0057885001  .0003858995
  .0057855768  .0003854575
  .0057826532  .0003850164
  .0057797298  .0003845761
  .0057768066  .0003841367
  .0057738836  .0003836982
  .0057709601  .0003832604
  .0057680369  .0003828235
  .0057651133  .0003823873
  .0057621898  .0003819520
  .0057592667  .0003815176
  .0057563432  .0003810840
  .0057534199  .0003806512
  .0057504963  .0003802193
  .0057475733  .0003797882
  .0057446498  .0003793578
  .0057417266  .0003789282
  .0057388031  .0003784994
  .0057358794  .0003780713
  .0057329560  .0003776440
  .0057300328  .0003772176
  .0057271090  .0003767919
  .0057241863  .0003763671
  .0057212626  .0003759429
  .0057183391  .0003755196
  .0057154158  .0003750971
  .0057124921  .0003746753
  .0057095687  .0003742543
  .0057066454  .0003738342
  .0057037220  .0003734148
  .0057007989  .0003729962
  .0056978755  .0003725784
  .0056949518  .0003721613
  .0056920284  .0003717450
  .0056891051  .0003713296
  .0056861814  .0003709149
  .0056832580  .0003705010
  .0056803347  .0003700878
  .0056774110  .0003696755
  .0056744882  .0003692640
  .0056715647  .0003688532
  .0056686410  .0003684432
  .0056657178  .0003680340
  .0056627944  .0003676256
  .0056598707  .0003672180
  .0056569472  .0003668111
  .0056540240  .0003664051
  .0056511009  .0003659999
  .0056481775  .0003655954
  .0056452538  .0003651916
  .0056423303  .0003647887
  .0056394071  .0003643866
  .0056364837  .0003639852
  .0056335600  .0003635846
  .0056306366  .0003631849
  .0056277132  .0003627859
  .0056247902  .0003623877
  .0056218667  .0003619903
  .0056189430  .0003615936
  .0056160198  .0003611978
  .0056130963  .0003608027
  .0056101726  .0003604084
  .0056072492  .0003600149
  .0056043259  .0003596222
  .0056014027  .0003592303
  .0055984794  .0003588391
  .0055955560  .0003584488
  .0055926323  .0003580592
  .0055897091  .0003576704
  .0055867856  .0003572824
  .0055838619  .0003568951
  .0055809386  .0003565087
  .0055780152  .0003561230
  .0055750921  .0003557382
  .0055721687  .0003553541
  .0055692453  .0003549708
  .0055663216  .0003545883
  .0055633983  .0003542065
  .0055604749  .0003538256
  .0055575512  .0003534454
  .0055546280  .0003530660
  .0055517049  .0003526875
  .0055487815  .0003523096
  .0055458581  .0003519325
  .0055429345  .0003515561
  .0055400111  .0003511805
  .0055370877  .0003508057
  .0055341643  .0003504316
  .0055312409  .0003500582
  .0055283175  .0003496856
  .0055253944  .0003493138
  .0055224710  .0003489427
  .0055195474  .0003485724
  .0055166240  .0003482028
  .0055137006  .0003478339
  .0055107772  .0003474658
  .0055078538  .0003470985
  .0055049304  .0003467319
  .0055020074  .0003463661
  .0054990840  .0003460010
  .0054961606  .0003456367
  .0054932369  .0003452730
  .0054903135  .0003449102
  .0054873901  .0003445481
  .0054844667  .0003441868
  .0054815433  .0003438262
  .0054786203  .0003434664
  .0054756969  .0003431073
  .0054727735  .0003427490
  .0054698501  .0003423914
  .0054669267  .0003420345
  .0054640033  .0003416785
  .0054610799  .0003413231
  .0054581565  .0003409685
  .0054552331  .0003406147
  .0054523098  .0003402616
  .0054493866  .0003399093
  .0054464632  .0003395577
  .0054435397  .0003392068
  .0054406162  .0003388565
  .0054376928  .0003385069
  .0054347693  .0003381581
  .0054318458  .0003378099
  .0054289230  .0003374625
  .0054259996  .0003371157
  .0054230761  .0003367696
  .0054201526  .0003364241
  .0054172292  .0003360794
  .0054143057  .0003357354
  .0054113822  .0003353920
  .0054084588  .0003350493
  .0054055353  .0003347074
  .0054026123  .0003343661
  .0053996889  .0003340255
  .0053967654  .0003336856
  .0053938419  .0003333464
  .0053909184  .0003330079
  .0053879950  .0003326700
  .0053850717  .0003323329
  .0053821482  .0003319964
  .0053792252  .0003316607
  .0053763018  .0003313256
  .0053733783  .0003309913
  .0053704549  .0003306576
  .0053675314  .0003303245
  .0053646079  .0003299922
  .0053616844  .0003296606
  .0053587613  .0003293297
  .0053558378  .0003289994
  .0053529147  .0003286699
  .0053499912  .0003283410
  .0053470678  .0003280128
  .0053441446  .0003276854
  .0053412211  .0003273586
  .0053382976  .0003270325
  .0053353742  .0003267070
  .0053324507  .0003263823
  .0053295277  .0003260583
  .0053266043  .0003257349
  .0053236808  .0003254123
  .0053207574  .0003250903
  .0053178339  .0003247690
  .0053149104  .0003244484
  .0053119870  .0003241285
  .0053090635  .0003238093
  .0053061402  .0003234908
  .0053032172  .0003231730
  .0053002937  .0003228558
  .0052973703  .0003225394
  .0052944468  .0003222236
  .0052915233  .0003219085
  .0052885999  .0003215941
  .0052856764  .0003212804
  .0052827530  .0003209674
  .0052798301  .0003206551
  .0052769066  .0003203435
  .0052739832  .0003200326
  .0052710597  .0003197223
  .0052681362  .0003194127
  .0052652128  .0003191039
  .0052622893  .0003187957
  .0052593658  .0003184882
  .0052564424  .0003181814
  .0052535194  .0003178753
  .0052505960  .0003175699
  .0052476725  .0003172651
  .0052447490  .0003169611
  .0052418256  .0003166577
  .0052389021  .0003163551
  .0052359786  .0003160531
  .0052330553  .0003157518
  .0052301324  .0003154513
  .0052272089  .0003151513
  .0052242854  .0003148521
  .0052213620  .0003145536
  .0052184385  .0003142557
  .0052155153  .0003139586
  .0052125918  .0003136622
  .0052096684  .0003133664
  .0052067452  .0003130713
  .0052038218  .0003127769
  .0052008983  .0003124832
  .0051979752  .0003121902
  .0051950517  .0003118979
  .0051921282  .0003116063
  .0051892048  .0003113153
  .0051862813  .0003110251
  .0051833578  .0003107355
  .0051804349  .0003104467
  .0051775114  .0003101585
  .0051745879  .0003098710
  .0051716645  .0003095842
  .0051687411  .0003092981
  .0051658177  .0003090126
  .0051628942  .0003087279
  .0051599708  .0003084439
  .0051570476  .0003081605
  .0051541241  .0003078776
  .0051512006  .0003075953
  .0051482769  .0003073136
  .0051453534  .0003070325
  .0051424300  .0003067519
  .0051395062  .0003064719
  .0051365827  .0003061925
  .0051336592  .0003059136
  .0051307361  .0003056354
  .0051278125  .0003053577
  .0051248890  .0003050806
  .0051219656  .0003048040
  .0051190418  .0003045280
  .0051161183  .0003042526
  .0051131949  .0003039777
  .0051102714  .0003037034
  .0051073482  .0003034297
  .0051044247  .0003031566
  .0051015013  .0003028840
  .0050985775  .0003026120
  .0050956541  .0003023406
  .0050927305  .0003020697
  .0050898070  .0003017995
  .0050868833  .0003015297
  .0050839598  .0003012606
  .0050810366  .0003009920
  .0050781131  .0003007240
  .0050751897  .0003004566
  .0050722662  .0003001898
  .0050693424  .0002999234
  .0050664190  .0002996577
  .0050634955  .0002993926
  .0050605720  .0002991280
  .0050576489  .0002988640
  .0050547252  .0002986006
  .0050518017  .0002983377
  .0050488783  .0002980754
  .0050459549  .0002978137
  .0050430310  .0002975525
  .0050401076  .0002972919
  .0050371842  .0002970318
  .0050342607  .0002967724
  .0050313375  .0002965135
  .0050284140  .0002962551
  .0050254906  .0002959974
  .0050225668  .0002957401
  .0050196434  .0002954835
  .0050167199  .0002952274
  .0050137965  .0002949719
  .0050108727  .0002947169
  .0050079498  .0002944625
  .0050050264  .0002942087
  .0050021026  .0002939554
  .0049991791  .0002937027
  .0049962557  .0002934506
  .0049933322  .0002931990
  .0049904085  .0002929480
  .0049874850  .0002926976
  .0049845615  .0002924477
  .0049816383  .0002921984
  .0049787149  .0002919497
  .0049757914  .0002917015
  .0049728680  .0002914539
  .0049699446  .0002912068
  .0049670208  .0002909603
  .0049640973  .0002907144
  .0049611739  .0002904690
  .0049582506  .0002902243
  .0049553272  .0002899800
  .0049524037  .0002897364
  .0049494802  .0002894933
  .0049465566  .0002892507
  .0049436329  .0002890088
  .0049407094  .0002887674
  .0049377860  .0002885265
  .0049348629  .0002882863
  .0049319395  .0002880466
  .0049290159  .0002878074
  .0049260923  .0002875688
  .0049231687  .0002873308
  .0049202452  .0002870934
  .0049173217  .0002868565
  .0049143982  .0002866202
  .0049114747  .0002863844
  .0049085516  .0002861493
  .0049056281  .0002859146
  .0049027045  .0002856806
  .0048997810  .0002854471
  .0048968575  .0002852141
  .0048939339  .0002849818
  .0048910104  .0002847500
  .0048880869  .0002845187
  .0048851638  .0002842881
  .0048822403  .0002840580
  .0048793167  .0002838284
  .0048763932  .0002835995
  .0048734697  .0002833711
  .0048705462  .0002831432
  .0048676227  .0002829159
  .0048646991  .0002826892
  .0048617756  .0002824631
  .0048588525  .0002822375
  .0048559290  .0002820125
  .0048530055  .0002817880
  .0048500820  .0002815641
  .0048471585  .0002813408
  .0048442349  .0002811180
  .0048413113  .0002808958
  .0048383878  .0002806742
  .0048354648  .0002804532
  .0048325413  .0002802326
  .0048296178  .0002800125
  .0048266944  .0002797930
  .0048237708  .0002795739
  .0048208473  .0002793553
  .0048179238  .0002791372
  .0048150002  .0002789195
  .0048120767  .0002787024
  .0048091537  .0002784858
  .0048062303  .0002782696
  .0048033069  .0002780539
  .0048003835  .0002778385
  .0047974602  .0002776236
  .0047945367  .0002774091
  .0047916132  .0002771950
  .0047886899  .0002769814
  .0047857670  .0002767681
  .0047828435  .0002765553
  .0047799202  .0002763428
  .0047769967  .0002761306
  .0047740734  .0002759188
  .0047711499  .0002757074
  .0047682265  .0002754963
  .0047653032  .0002752856
  .0047623798  .0002750752
  .0047594569  .0002748652
  .0047565334  .0002746556
  .0047536101  .0002744463
  .0047506867  .0002742373
  .0047477634  .0002740287
  .0047448398  .0002738205
  .0047419166  .0002736126
  .0047389931  .0002734051
  .0047360702  .0002731980
  .0047331468  .0002729911
  .0047302234  .0002727847
  .0047273000  .0002725786
  .0047243767  .0002723728
  .0047214532  .0002721674
  .0047185299  .0002719624
  .0047156065  .0002717577
  .0047126831  .0002715534
  .0047097601  .0002713495
  .0047068368  .0002711459
  .0047039134  .0002709426
  .0047009900  .0002707397
  .0046980665  .0002705372
  .0046951431  .0002703350
  .0046922199  .0002701331
  .0046892964  .0002699317
  .0046863735  .0002697306
  .0046834501  .0002695298
  .0046805267  .0002693294
  .0046776033  .0002691293
  .0046746800  .0002689297
  .0046717565  .0002687303
  .0046688331  .0002685313
  .0046659098  .0002683327
  .0046629869  .0002681344
  .0046600634  .0002679365
  .0046571401  .0002677390
  .0046542167  .0002675418
  .0046512933  .0002673449
  .0046483698  .0002671484
  .0046454465  .0002669523
  .0046425231  .0002667565
  .0046395997  .0002665611
  .0046366767  .0002663660
  .0046337534  .0002661713
  .0046308301  .0002659769
  .0046279066  .0002657829
  .0046249833  .0002655893
  .0046220599  .0002653960
  .0046191365  .0002652030
  .0046162131  .0002650104
  .0046132903  .0002648182
  .0046103668  .0002646263
  .0046074435  .0002644347
  .0046045201  .0002642435
  .0046015967  .0002640527
  .0045986734  .0002638622
  .0045957500  .0002636720
  .0045928266  .0002634822
  .0045899032  .0002632928
  .0045869803  .0002631037
  .0045840569  .0002629150
  .0045811336  .0002627266
  .0045782102  .0002625386
  .0045752869  .0002623509
  .0045723635  .0002621635
  .0045694401  .0002619765
  .0045665167  .0002617899
  .0045635938  .0002616037
  .0045606704  .0002614177
  .0045577471  .0002612322
  .0045548237  .0002610469
  .0045519003  .0002608620
  .0045489769  .0002606775
  .0045460535  .0002604933
  .0045431302  .0002603095
  .0045402068  .0002601260
  .0045372839  .0002599429
  .0045343606  .0002597602
  .0045314372  .0002595778
  .0045285138  .0002593957
  .0045255904  .0002592140
  .0045226670  .0002590326
  .0045197437  .0002588516
  .0045168203  .0002586709
  .0045138973  .0002584906
  .0045109741  .0002583107
  .0045080506  .0002581311
  .0045051272  .0002579518
  .0045022039  .0002577729
  .0044992805  .0002575944
  .0044963571  .0002574162
  .0044934337  .0002572383
  .0044905104  .0002570608
  .0044875877  .0002568836
  .0044846644  .0002567067
  .0044817410  .0002565301
  .0044788177  .0002563539
  .0044758944  .0002561780
  .0044729710  .0002560024
  .0044700477  .0002558271
  .0044671244  .0002556522
  .0044642015  .0002554776
  .0044612782  .0002553032
  .0044583550  .0002551293
  .0044554317  .0002549556
  .0044525083  .0002547822
  .0044495850  .0002546092
  .0044466617  .0002544365
  .0044437384  .0002542641
  .0044408155  .0002540921
  .0044378922  .0002539204
  .0044349689  .0002537490
  .0044320455  .0002535779
  .0044291223  .0002534071
  .0044261990  .0002532366
  .0044232757  .0002530665
  .0044203525  .0002528966
  .0044174293  .0002527270
  .0044145065  .0002525577
  .0044115832  .0002523886
  .0044086600  .0002522198
  .0044057367  .0002520513
  .0044028135  .0002518831
  .0043998903  .0002517151
  .0043969670  .0002515474
  .0043940437  .0002513800
  .0043911210  .0002512129
  .0043881977  .0002510460
  .0043852744  .0002508794
  .0043823512  .0002507131
  .0043794279  .0002505471
  .0043765046  .0002503814
  .0043735814  .0002502159
  .0043706582  .0002500507
  .0043677349  .0002498857
  .0043648122  .0002497211
  .0043618889  .0002495568
  .0043589657  .0002493927
  .0043560425  .0002492288
  .0043531191  .0002490653
  .0043501959  .0002489020
  .0043472727  .0002487390
  .0043443494  .0002485763
  .0043414266  .0002484139
  .0043385034  .0002482517
  .0043355801  .0002480898
  .0043326568  .0002479282
  .0043297337  .0002477669
  .0043268104  .0002476058
  .0043238872  .0002474450
  .0043209640  .0002472845
  .0043180406  .0002471242
  .0043151179  .0002469643
  .0043121946  .0002468046
  .0043092713  .0002466452
  .0043063481  .0002464861
  .0043034249  .0002463272
  .0043005016  .0002461686
  .0042975784  .0002460103
  .0042946551  .0002458523
  .0042917324  .0002456946
  .0042888092  .0002455371
  .0042858859  .0002453799
  .0042829626  .0002452229
  .0042800394  .0002450663
  .0042771161  .0002449099
  .0042741928  .0002447538
  .0042712696  .0002445980
  .0042683463  .0002444424
  .0042654235  .0002442872
  .0042625001  .0002441322
  .0042595768  .0002439774
  .0042566535  .0002438229
  .0042537303  .0002436687
  .0042508070  .0002435147
  .0042478837  .0002433610
  .0042449605  .0002432076
  .0042420375  .0002430544
  .0042391142  .0002429015
  .0042361910  .0002427488
  .0042332677  .0002425964
  .0042303444  .0002424443
  .0042274211  .0002422924
  .0042244978  .0002421408
  .0042215745  .0002419894
  .0042186512  .0002418383
  .0042157285  .0002416875
  .0042128051  .0002415370
  .0042098818  .0002413866
  .0042069585  .0002412366
  .0042040352  .0002410868
  .0042011118  .0002409372
  .0041981886  .0002407880
  .0041952653  .0002406390
  .0041923425  .0002404902
  .0041894192  .0002403417
  .0041864959  .0002401935
  .0041835726  .0002400455
  .0041806493  .0002398978
  .0041777260  .0002397504
  .0041748027  .0002396032
  .0041718794  .0002394563
  .0041689566  .0002393096
  .0041660333  .0002391632
  .0041631100  .0002390171
  .0041601867  .0002388712
  .0041572635  .0002387256
  .0041543401  .0002385802
  .0041514168  .0002384351
  .0041484935  .0002382903
  .0041455702  .0002381457
  .0041426473  .0002380014
  .0041397241  .0002378573
  .0041368008  .0002377135
  .0041338775  .0002375700
  .0041309542  .0002374267
  .0041280309  .0002372837
  .0041251076  .0002371409
  .0041221844  .0002369984
  .0041192616  .0002368562
  .0041163382  .0002367143
  .0041134149  .0002365725
  .0041104916  .0002364311
  .0041075683  .0002362899
  .0041046450  .0002361490
  .0041017217  .0002360083
  .0040987985  .0002358679
  .0040958752  .0002357277
  .0040929523  .0002355879
  .0040900290  .0002354482
  .0040871057  .0002353089
  .0040841825  .0002351698
  .0040812592  .0002350309
  .0040783359  .0002348923
  .0040754125  .0002347540
  .0040724892  .0002346159
  .0040695664  .0002344782
  .0040666431  .0002343406
  .0040637198  .0002342033
  .0040607966  .0002340663
  .0040578732  .0002339296
  .0040549499  .0002337931
  .0040520266  .0002336568
  .0040491033  .0002335208
  .0040461801  .0002333851
  .0040432573  .0002332497
  .0040403339  .0002331145
  .0040374106  .0002329796
  .0040344872  .0002328449
  .0040315639  .0002327104
  .0040286406  .0002325762
  .0040257172  .0002324423
  .0040227939  .0002323086
  .0040198710  .0002321752
  .0040169477  .0002320420
  .0040140243  .0002319090
  .0040111010  .0002317763
  .0040081776  .0002316438
  .0040052544  .0002315116
  .0040023310  .0002313796
  .0039994077  .0002312479
  .0039964843  .0002311164
  .0039935613  .0002309852
  .0039906380  .0002308542
  .0039877146  .0002307234
  .0039847913  .0002305929
  .0039818680  .0002304627
  .0039789446  .0002303327
  .0039760213  .0002302029
  .0039730980  .0002300734
  .0039701750  .0002299441
  .0039672518  .0002298151
  .0039643284  .0002296863
  .0039614051  .0002295578
  .0039584817  .0002294295
  .0039555584  .0002293015
  .0039526350  .0002291737
  .0039497117  .0002290461
  .0039467884  .0002289188
  .0039438654  .0002287918
  .0039409421  .0002286650
  .0039380187  .0002285384
  .0039350954  .0002284121
  .0039321720  .0002282860
  .0039292487  .0002281602
  .0039263254  .0002280347
  .0039234020  .0002279093
  .0039204792  .0002277843
  .0039175558  .0002276594
  .0039146325  .0002275348
  .0039117091  .0002274105
  .0039087858  .0002272864
  .0039058625  .0002271625
  .0039029393  .0002270389
  .0039000160  .0002269156
  .0038970926  .0002267925
  .0038941692  .0002266696
  .0038912458  .0002265470
  .0038883227  .0002264246
  .0038853994  .0002263025
  .0038824760  .0002261806
  .0038795527  .0002260590
  .0038766296  .0002259376
  .0038737064  .0002258164
  .0038707830  .0002256955
  .0038678596  .0002255749
  .0038649366  .0002254545
  .0038620132  .0002253343
  .0038590898  .0002252144
  .0038561665  .0002250948
  .0038532434  .0002249753
  .0038503201  .0002248562
  .0038473966  .0002247372
  .0038444733  .0002246186
  .0038415501  .0002245001
  .0038386268  .0002243819
  .0038357035  .0002242640
  .0038327801  .0002241463
  .0038298568  .0002240289
  .0038269337  .0002239117
  .0038240104  .0002237947
  .0038210870  .0002236780
  .0038181637  .0002235615
  .0038152406  .0002234453
  .0038123172  .0002233294
  .0038093939  .0002232136
  .0038064706  .0002230981
  .0038035475  .0002229829
  .0038006240  .0002228679
  .0037977006  .0002227532
  .0037947773  .0002226387
  .0037918542  .0002225245
  .0037889309  .0002224105
  .0037860075  .0002222967
  .0037830842  .0002221832
  .0037801609  .0002220699
  .0037772378  .0002219569
  .0037743145  .0002218441
  .0037713911  .0002217316
  .0037684678  .0002216193
  .0037655446  .0002215073
  .0037626213  .0002213956
  .0037596979  .0002212842
  .0037567746  .0002211732
  .0037538514  .0002210625
  .0037509282  .0002209522
  .0037480049  .0002208422
  .0037450815  .0002207326
  .0037421584  .0002206233
  .0037392350  .0002205144
  .0037363117  .0002204058
  .0037333883  .0002202975
  .0037304651  .0002201897
  .0037275420  .0002200822
  .0037246186  .0002199750
  .0037216953  .0002198682
  .0037187719  .0002197617
  .0037158489  .0002196556
  .0037129255  .0002195498
  .0037100022  .0002194444
  .0037070789  .0002193393
  .0037041557  .0002192346
  .0037012325  .0002191302
  .0036983091  .0002190262
  .0036953858  .0002189225
  .0036924626  .0002188192
  .0036895393  .0002187162
  .0036866161  .0002186136
  .0036836927  .0002185113
  .0036807696  .0002184094
  .0036778462  .0002183079
  .0036749229  .0002182067
  .0036719995  .0002181058
  .0036690762  .0002180053
  .0036661531  .0002179051
  .0036632296  .0002178052
  .0036603063  .0002177057
  .0036573829  .0002176064
  .0036544597  .0002175075
  .0036515363  .0002174088
  .0036486128  .0002173105
  .0036456895  .0002172125
  .0036427663  .0002171148
  .0036398429  .0002170174
  .0036369196  .0002169203
  .0036339961  .0002168236
  .0036310730  .0002167271
  .0036281495  .0002166310
  .0036252262  .0002165351
  .0036223028  .0002164396
  .0036193795  .0002163443
  .0036164563  .0002162493
  .0036135330  .0002161547
  .0036106094  .0002160603
  .0036076861  .0002159662
  .0036047630  .0002158724
  .0036018396  .0002157789
  .0035989162  .0002156857
  .0035959928  .0002155928
  .0035930697  .0002155001
  .0035901463  .0002154078
  .0035872229  .0002153158
  .0035842996  .0002152240
  .0035813764  .0002151326
  .0035784531  .0002150414
  .0035755297  .0002149505
  .0035726063  .0002148600
  .0035696833  .0002147699
  .0035667601  .0002146801
  .0035638369  .0002145906
  .0035609135  .0002145016
  .0035579903  .0002144129
  .0035550671  .0002143247
  .0035521439  .0002142367
  .0035492205  .0002141489
  .0035462973  .0002140615
  .0035433743  .0002139743
  .0035404510  .0002138875
  .0035375278  .0002138009
  .0035346043  .0002137145
  .0035316814  .0002136285
  .0035287580  .0002135427
  .0035258347  .0002134572
  .0035229114  .0002133720
  .0035199885  .0002132871
  .0035170650  .0002132024
  .0035141418  .0002131180
  .0035112185  .0002130339
  .0035082953  .0002129501
  .0035053721  .0002128666
  .0035024489  .0002127833
  .0034995257  .0002127003
  .0034966023  .0002126176
  .0034936794  .0002125352
  .0034907559  .0002124530
  .0034878327  .0002123711
  .0034849093  .0002122895
  .0034819864  .0002122082
  .0034790630  .0002121272
  .0034761398  .0002120464
  .0034732164  .0002119659
  .0034702934  .0002118857
  .0034673700  .0002118058
  .0034644469  .0002117261
  .0034615236  .0002116468
  .0034586005  .0002115677
  .0034556773  .0002114889
  .0034527539  .0002114103
  .0034498307  .0002113321
  .0034469073  .0002112541
  .0034439843  .0002111764
  .0034410610  .0002110990
  .0034381378  .0002110218
  .0034352143  .0002109450
  .0034322914  .0002108684
  .0034293682  .0002107921
  .0034264450  .0002107161
  .0034235215  .0002106404
  .0034205985  .0002105649
  .0034176753  .0002104898
  .0034147521  .0002104149
  .0034118286  .0002103403
  .0034089057  .0002102660
  .0034059824  .0002101920
  .0034030592  .0002101183
  .0034001358  .0002100448
  .0033972126  .0002099717
  .0033942896  .0002098988
  .0033913664  .0002098262
  .0033884430  .0002097539
  .0033855197  .0002096819
  .0033825967  .0002096102
  .0033796735  .0002095387
  .0033767503  .0002094676
  .0033738270  .0002093967
  .0033709039  .0002093261
  .0033679807  .0002092558
  .0033650575  .0002091858
  .0033621341  .0002091161
  .0033592110  .0002090466
  .0033562879  .0002089775
  .0033533645  .0002089086
  .0033504412  .0002088400
  .0033475180  .0002087717
  .0033445950  .0002087037
  .0033416716  .0002086359
  .0033387485  .0002085685
  .0033358251  .0002085013
  .0033329020  .0002084344
  .0033299789  .0002083678
  .0033270555  .0002083015
  .0033241322  .0002082355
  .0033212093  .0002081698
  .0033182860  .0002081043
  .0033153627  .0002080391
  .0033124393  .0002079742
  .0033095163  .0002079096
  .0033065930  .0002078452
  .0033036698  .0002077811
  .0033007466  .0002077173
  .0032978235  .0002076537
  .0032949002  .0002075904
  .0032919769  .0002075274
  .0032890536  .0002074646
  .0032861302  .0002074021
  .0032832072  .0002073398
  .0032802839  .0002072778
  .0032773605  .0002072161
  .0032744373  .0002071546
  .0032715142  .0002070934
  .0032685909  .0002070325
  .0032656676  .0002069718
  .0032627443  .0002069114
  .0032598212  .0002068513
  .0032568980  .0002067914
  .0032539748  .0002067318
  .0032510516  .0002066723
  .0032481286  .0002066131
  .0032452052  .0002065541
  .0032422820  .0002064954
  .0032393587  .0002064368
  .0032364355  .0002063785
  .0032335125  .0002063204
  .0032305893  .0002062626
  .0032276660  .0002062049
  .0032247429  .0002061475
  .0032218196  .0002060903
  .0032188965  .0002060333
  .0032159732  .0002059766
  .0032130500  .0002059200
  .0032101270  .0002058637
  .0032072038  .0002058076
  .0032042806  .0002057518
  .0032013574  .0002056961
  .0031984344  .0002056407
  .0031955110  .0002055855
  .0031925878  .0002055305
  .0031896645  .0002054758
  .0031867415  .0002054213
  .0031838184  .0002053670
  .0031808951  .0002053129
  .0031779720  .0002052590
  .0031750487  .0002052054
  .0031721255  .0002051520
  .0031692023  .0002050988
  .0031662791  .0002050458
  .0031633559  .0002049931
  .0031604329  .0002049406
  .0031575097  .0002048883
  .0031545864  .0002048362
  .0031516632  .0002047844
  .0031487400  .0002047327
  .0031458170  .0002046813
  .0031428936  .0002046302
  .0031399704  .0002045792
  .0031370473  .0002045285
  .0031341241  .0002044781
  .0031312007  .0002044278
  .0031282776  .0002043778
  .0031253542  .0002043280
  .0031224313  .0002042785
  .0031195079  .0002042292
  .0031165847  .0002041801
  .0031136614  .0002041313
  .0031107383  .0002040827
  .0031078152  .0002040343
  .0031048919  .0002039861
  .0031019687  .0002039382
  .0030990456  .0002038905
  .0030961224  .0002038431
  .0030931990  .0002037958
  .0030902759  .0002037489
  .0030873527  .0002037021
  .0030844295  .0002036556
  .0030815061  .0002036093
  .0030785830  .0002035632
  .0030756601  .0002035174
  .0030727368  .0002034718
  .0030698136  .0002034265
  .0030668901  .0002033813
  .0030639670  .0002033364
  .0030610439  .0002032918
  .0030581207  .0002032473
  .0030551973  .0002032031
  .0030522742  .0002031592
  .0030493510  .0002031154
  .0030464278  .0002030719
  .0030435045  .0002030286
  .0030405813  .0002029856
  .0030376584  .0002029428
  .0030347350  .0002029002
  .0030318117  .0002028579
  .0030288885  .0002028158
  .0030259656  .0002027739
  .0030230421  .0002027322
  .0030201191  .0002026908
  .0030171956  .0002026496
  .0030142724  .0002026087
  .0030113493  .0002025680
  .0030084261  .0002025275
  .0030055028  .0002024872
  .0030025795  .0002024472
  .0029996567  .0002024074
  .0029967332  .0002023679
  .0029938100  .0002023285
  .0029908868  .0002022895
  .0029879638  .0002022506
  .0029850404  .0002022120
  .0029821173  .0002021736
  .0029791939  .0002021354
  .0029762710  .0002020975
  .0029733476  .0002020598
  .0029704244  .0002020223
  .0029675011  .0002019851
  .0029645779  .0002019481
  .0029616547  .0002019113
  .0029587316  .0002018748
  .0029558082  .0002018384
  .0029528850  .0002018024
  .0029499621  .0002017665
  .0029470388  .0002017309
  .0029441156  .0002016955
  .0029411923  .0002016603
  .0029382693  .0002016254
  .0029353459  .0002015907
  .0029324226  .0002015562
  .0029294994  .0002015219
  .0029265765  .0002014879
  .0029236531  .0002014541
  .0029207300  .0002014206
  .0029178066  .0002013872
  .0029148837  .0002013541
  .0029119604  .0002013213
  .0029090372  .0002012886
  .0029061137  .0002012562
  .0029031906  .0002012240
  .0029002675  .0002011921
  .0028973443  .0002011604
  .0028944211  .0002011289
  .0028914977  .0002010976
  .0028885747  .0002010665
  .0028856515  .0002010356
  .0028827283  .0002010050
  .0028798050  .0002009745
  .0028768819  .0002009443
  .0028739588  .0002009142
  .0028710356  .0002008844
  .0028681122  .0002008548
  .0028651892  .0002008254
  .0028622660  .0002007962
  .0028593427  .0002007672
  .0028564196  .0002007384
  .0028534962  .0002007099
  .0028505733  .0002006815
  .0028476500  .0002006534
  .0028447269  .0002006254
  .0028418035  .0002005977
  .0028388807  .0002005702
  .0028359572  .0002005429
  .0028330341  .0002005158
  .0028301108  .0002004890
  .0028271878  .0002004623
  .0028242646  .0002004359
  .0028213413  .0002004096
  .0028184180  .0002003836
  .0028154949  .0002003578
  .0028125718  .0002003322
  .0028096484  .0002003068
  .0028067254  .0002002816
  .0028038023  .0002002566
  .0028008792  .0002002319
  .0027979559  .0002002073
  .0027950327  .0002001830
  .0027921093  .0002001588
  .0027891865  .0002001349
  .0027862631  .0002001112
  .0027833401  .0002000877
  .0027804167  .0002000644
  .0027774938  .0002000414
  .0027745704  .0002000185
  .0027716473  .0001999959
  .0027687239  .0001999734
  .0027658010  .0001999512
  .0027628776  .0001999292
  .0027599543  .0001999074
  .0027570312  .0001998858
  .0027541083  .0001998644
  .0027511851  .0001998432
  .0027482617  .0001998222
  .0027453386  .0001998013
  .0027424155  .0001997807
  .0027394924  .0001997602
  .0027365691  .0001997399
  .0027336460  .0001997199
  .0027307226  .0001996999
  .0027277999  .0001996802
  .0027248766  .0001996606
  .0027219534  .0001996413
  .0027190300  .0001996221
  .0027161070  .0001996030
  .0027131837  .0001995842
  .0027102605  .0001995656
  .0027073374  .0001995471
  .0027044143  .0001995288
  .0027014909  .0001995107
  .0026985679  .0001994928
  .0026956446  .0001994750
  .0026927212  .0001994574
  .0026897984  .0001994400
  .0026868751  .0001994228
  .0026839518  .0001994057
  .0026810285  .0001993888
  .0026781056  .0001993720
  .0026751823  .0001993555
  .0026722590  .0001993391
  .0026693360  .0001993228
  .0026664129  .0001993068
  .0026634896  .0001992909
  .0026605663  .0001992751
  .0026576430  .0001992596
  .0026547199  .0001992442
  .0026517968  .0001992290
  .0026488734  .0001992139
  .0026459501  .0001991991
  .0026430272  .0001991843
  .0026401040  .0001991698
  .0026371805  .0001991554
  .0026342572  .0001991412
  .0026313341  .0001991271
  .0026284111  .0001991132
  .0026254876  .0001990995
  .0026225645  .0001990859
  .0026196412  .0001990726
  .0026167181  .0001990593
  .0026137948  .0001990463
  .0026108717  .0001990334
  .0026079484  .0001990207
  .0026050252  .0001990081
  .0026021021  .0001989957
  .0025991788  .0001989835
  .0025962555  .0001989714
  .0025933325  .0001989595
  .0025904092  .0001989478
  .0025874859  .0001989362
  .0025845626  .0001989248
  .0025816394  .0001989136
  .0025787163  .0001989025
  .0025757930  .0001988916
  .0025728699  .0001988809
  .0025699465  .0001988703
  .0025670234  .0001988599
  .0025641001  .0001988497
  .0025611770  .0001988396
  .0025582537  .0001988297
  .0025553306  .0001988199
  .0025524076  .0001988103
  .0025494842  .0001988008
  .0025465610  .0001987915
  .0025436381  .0001987822
  .0025407148  .0001987732
  .0025377915  .0001987642
  .0025348684  .0001987555
  .0025319453  .0001987468
  .0025290221  .0001987383
  .0025260989  .0001987299
  .0025231757  .0001987217
  .0025202524  .0001987136
  .0025173295  .0001987057
  .0025144062  .0001986979
  .0025114832  .0001986902
  .0025085599  .0001986827
  .0025056368  .0001986754
  .0025027137  .0001986681
  .0024997904  .0001986610
  .0024968671  .0001986541
  .0024939442  .0001986473
  .0024910209  .0001986406
  .0024880977  .0001986341
  .0024851746  .0001986277
  .0024822515  .0001986215
  .0024793282  .0001986154
  .0024764050  .0001986094
  .0024734816  .0001986036
  .0024705584  .0001985979
  .0024676356  .0001985924
  .0024647122  .0001985870
  .0024617888  .0001985817
  .0024588658  .0001985766
  .0024559429  .0001985717
  .0024530198  .0001985669
  .0024500966  .0001985622
  .0024471730  .0001985577
  .0024442501  .0001985533
  .0024413269  .0001985491
  .0024384039  .0001985450
  .0024354807  .0001985411
  .0024325577  .0001985373
  .0024296346  .0001985337
  .0024267113  .0001985303
  .0024237881  .0001985269
  .0024208652  .0001985238
  .0024179420  .0001985207
  .0024150188  .0001985179
  .0024120953  .0001985151
  .0024091722  .0001985126
  .0024062493  .0001985101
  .0024033262  .0001985079
  .0024004029  .0001985058
  .0023974796  .0001985038
  .0023945568  .0001985020
  .0023916335  .0001985004
  .0023887104  .0001984990
  .0023857869  .0001984977
  .0023828640  .0001984966
  .0023799407  .0001984957
  .0023770177  .0001984949
  .0023740943  .0001984943
  .0023711715  .0001984939
  .0023682479  .0001984936
  .0023653252  .0001984935

