  .0091950000  .0029387241
  .0091913727  .0029088174
  .0091877464  .0028794347
  .0091841191  .0028505609
  .0091804918  .0028222036
  .0091768646  .0027943629
  .0091732382  .0027670455
  .0091696109  .0027402377
  .0091659836  .0027139463
  .0091623564  .0026881715
  .0091587300  .0026629196
  .0091551028  .0026381777
  .0091514755  .0026139523
  .0091478482  .0025902434
  .0091442218  .0025670568
  .0091405946  .0025443809
  .0091369673  .0025222216
  .0091333410  .0025005841
  .0091297137  .0024794575
  .0091260864  .0024588474
  .0091224591  .0024387539
  .0091188328  .0024191817
  .0091152055  .0024001213
  .0091115782  .0023815772
  .0091079510  .0023635496
  .0091043246  .0023460429
  .0091006973  .0023290482
  .0090970655  .0023124264
  .0090934334  .0022960068
  .0090898023  .0022797933
  .0090861702  .0022637776
  .0090825381  .0022479639
  .0090789069  .0022323562
  .0090752749  .0022169466
  .0090716428  .0022017388
  .0090680107  .0021867330
  .0090643796  .0021719330
  .0090607475  .0021573311
  .0090571154  .0021429312
  .0090534834  .0021287335
  .0090498523  .0021147413
  .0090462202  .0021009473
  .0090425881  .0020873554
  .0090389570  .0020739689
  .0090353249  .0020607808
  .0090316928  .0020477949
  .0090280607  .0020350108
  .0090244296  .0020224320
  .0090207975  .0020100520
  .0090171654  .0019978739
  .0090135334  .0019858979
  .0090099023  .0019741268
  .0090062702  .0019625545
  .0090026381  .0019511844
  .0089990060  .0019400162
  .0089953749  .0019290528
  .0089917428  .0019182885
  .0089881107  .0019077263
  .0089844796  .0018973687
  .0089808475  .0018872104
  .0089772154  .0018772540
  .0089735834  .0018674997
  .0089699522  .0018579498
  .0089663202  .0018485994
  .0089626881  .0018394510
  .0089590560  .0018305046
  .0089554249  .0018217623
  .0089517928  .0018132198
  .0089481607  .0018048793
  .0089445287  .0017967408
  .0089408975  .0017888063
  .0089372654  .0017810716
  .0089336334  .0017735391
  .0089300022  .0017662104
  .0089263702  .0017590817
  .0089227381  .0017521550
  .0089191060  .0017454303
  .0089154749  .0017389093
  .0089118428  .0017325886
  .0089082107  .0017264698
  .0089045786  .0017205530
  .0089009475  .0017148397
  .0088973160  .0017093212
  .0088936859  .0017038734
  .0088900559  .0016984454
  .0088864268  .0016930386
  .0088827969  .0016876503
  .0088791668  .0016822817
  .0088755378  .0016769342
  .0088719078  .0016716052
  .0088682777  .0016662960
  .0088646477  .0016610066
  .0088610187  .0016557384
  .0088573886  .0016504885
  .0088537586  .0016452585
  .0088501286  .0016400483
  .0088464996  .0016348592
  .0088428695  .0016296886
  .0088392395  .0016245377
  .0088356095  .0016194067
  .0088319805  .0016142967
  .0088283505  .0016092053
  .0088247204  .0016041336
  .0088210914  .0015990830
  .0088174613  .0015940509
  .0088138314  .0015890387
  .0088102013  .0015840462
  .0088065723  .0015790747
  .0088029422  .0015741218
  .0087993122  .0015691888
  .0087956822  .0015642754
  .0087920532  .0015593832
  .0087884231  .0015545094
  .0087847931  .0015496555
  .0087811641  .0015448226
  .0087775340  .0015400082
  .0087739040  .0015352137
  .0087702740  .0015304390
  .0087666449  .0015256852
  .0087630149  .0015209501
  .0087593849  .0015162347
  .0087557549  .0015115392
  .0087521258  .0015068646
  .0087484958  .0015022086
  .0087448658  .0014975724
  .0087412358  .0014929560
  .0087376067  .0014883606
  .0087339767  .0014837838
  .0087303467  .0014792268
  .0087267176  .0014746907
  .0087230876  .0014701733
  .0087194576  .0014656757
  .0087158276  .0014611979
  .0087121985  .0014567410
  .0087085686  .0014523028
  .0087049385  .0014478842
  .0087013085  .0014434856
  .0086976794  .0014391079
  .0086940495  .0014347489
  .0086904193  .0014304095
  .0086867894  .0014260901
  .0086831603  .0014217916
  .0086795303  .0014175117
  .0086759002  .0014132515
  .0086722712  .0014090123
  .0086686413  .0014047919
  .0086650112  .0014005912
  .0086613811  .0013964102
  .0086577521  .0013922501
  .0086541221  .0013881089
  .0086504920  .0013839872
  .0086468620  .0013798855
  .0086432330  .0013758047
  .0086396030  .0013717426
  .0086359729  .0013677001
  .0086323430  .0013636776
  .0086287139  .0013596759
  .0086250839  .0013556930
  .0086214538  .0013517297
  .0086178248  .0013477874
  .0086141948  .0013438638
  .0086105649  .0013399601
  .0086069347  .0013360760
  .0086033057  .0013322128
  .0085996757  .0013283685
  .0085960458  .0013245439
  .0085924156  .0013207389
  .0085887866  .0013169550
  .0085851566  .0013131898
  .0085815265  .0013094443
  .0085778965  .0013057186
  .0085742675  .0013020137
  .0085706376  .0012983278
  .0085670074  .0012946614
  .0085633784  .0012910160
  .0085597484  .0012873893
  .0085561184  .0012837825
  .0085524883  .0012801953
  .0085488592  .0012766289
  .0085452293  .0012730815
  .0085415993  .0012695539
  .0085379692  .0012660459
  .0085343401  .0012625587
  .0085307102  .0012590904
  .0085270801  .0012556418
  .0085234510  .0012522140
  .0085198211  .0012488051
  .0085161911  .0012454160
  .0085125610  .0012420466
  .0085089319  .0012386979
  .0085053020  .0012353682
  .0085016720  .0012320583
  .0084980419  .0012287681
  .0084944128  .0012254986
  .0084907829  .0012222480
  .0084871529  .0012190173
  .0084835228  .0012158063
  .0084798938  .0012126159
  .0084762638  .0012094446
  .0084726337  .0012062929
  .0084690046  .0012031619
  .0084653747  .0012000499
  .0084617446  .0011969577
  .0084581147  .0011938854
  .0084544856  .0011908335
  .0084508555  .0011878006
  .0084472255  .0011847876
  .0084435954  .0011817943
  .0084399664  .0011788216
  .0084363364  .0011758680
  .0084327065  .0011729342
  .0084290764  .0011700201
  .0084254473  .0011671266
  .0084218173  .0011642521
  .0084181873  .0011613974
  .0084145582  .0011585633
  .0084109282  .0011557482
  .0084072983  .0011529529
  .0084036682  .0011501774
  .0084000391  .0011474224
  .0083964092  .0011446865
  .0083927792  .0011419704
  .0083891492  .0011392741
  .0083855200  .0011365982
  .0083818900  .0011339415
  .0083782601  .0011313046
  .0083746300  .0011286874
  .0083710009  .0011260907
  .0083673709  .0011235132
  .0083637409  .0011209554
  .0083601119  .0011184182
  .0083564818  .0011159000
  .0083528519  .0011134016
  .0083492217  .0011109229
  .0083455926  .0011084648
  .0083419626  .0011060258
  .0083383327  .0011036067
  .0083347027  .0011012073
  .0083310735  .0010988282
  .0083274436  .0010964684
  .0083238136  .0010941284
  .0083201835  .0010918082
  .0083165545  .0010895084
  .0083129245  .0010872278
  .0083092945  .0010849669
  .0083056653  .0010827264
  .0083020354  .0010805052
  .0082984054  .0010783038
  .0082947753  .0010761221
  .0082911463  .0010739608
  .0082875163  .0010718187
  .0082838863  .0010696964
  .0082802564  .0010675940
  .0082766267  .0010655083
  .0082729960  .0010634295
  .0082693654  .0010613577
  .0082657357  .0010592935
  .0082621050  .0010572357
  .0082584744  .0010551850
  .0082548437  .0010531413
  .0082512140  .0010511051
  .0082475834  .0010490754
  .0082439528  .0010470527
  .0082403220  .0010450370
  .0082366924  .0010430288
  .0082330617  .0010410271
  .0082294312  .0010390325
  .0082258004  .0010370448
  .0082221708  .0010350647
  .0082185400  .0010330910
  .0082149095  .0010311244
  .0082112797  .0010291653
  .0082076491  .0010272127
  .0082040184  .0010252671
  .0082003878  .0010233285
  .0081967581  .0010213974
  .0081931274  .0010194728
  .0081894969  .0010175553
  .0081858661  .0010156447
  .0081822366  .0010137417
  .0081786058  .0010118451
  .0081749752  .0010099556
  .0081713445  .0010080730
  .0081677148  .0010061980
  .0081640841  .0010043295
  .0081604536  .0010024680
  .0081568238  .0010006139
  .0081531931  .0009987665
  .0081495625  .0009969260
  .0081459319  .0009950925
  .0081423021  .0009932665
  .0081386714  .0009914470
  .0081350408  .0009896346
  .0081314101  .0009878292
  .0081277805  .0009860313
  .0081241498  .0009842398
  .0081205192  .0009824554
  .0081168886  .0009806780
  .0081132587  .0009789076
  .0081096275  .0009771405
  .0081059963  .0009753770
  .0081023661  .0009736175
  .0080987348  .0009718609
  .0080951039  .0009701079
  .0080914727  .0009683583
  .0080878425  .0009666126
  .0080842113  .0009648700
  .0080805801  .0009631309
  .0080769491  .0009613952
  .0080733187  .0009596634
  .0080696876  .0009579348
  .0080660564  .0009562096
  .0080624263  .0009544883
  .0080587951  .0009527701
  .0080551639  .0009510553
  .0080515327  .0009493440
  .0080479025  .0009476366
  .0080442714  .0009459323
  .0080406402  .0009442315
  .0080370090  .0009425342
  .0080333788  .0009408407
  .0080297477  .0009391504
  .0080261165  .0009374634
  .0080224852  .0009357796
  .0080188547  .0009340989
  .0080152233  .0009324206
  .0080115920  .0009307451
  .0080079616  .0009290728
  .0080043301  .0009274028
  .0080006988  .0009257357
  .0079970675  .0009240713
  .0079934371  .0009224102
  .0079898058  .0009207515
  .0079861742  .0009190953
  .0079825429  .0009174422
  .0079789126  .0009157922
  .0079752812  .0009141446
  .0079716497  .0009124997
  .0079680185  .0009108577
  .0079643880  .0009092188
  .0079607566  .0009075823
  .0079571253  .0009059486
  .0079534948  .0009043181
  .0079498634  .0009026900
  .0079462322  .0009010647
  .0079426007  .0008994421
  .0079389702  .0008978228
  .0079353389  .0008962058
  .0079317076  .0008945917
  .0079280761  .0008929802
  .0079244458  .0008913721
  .0079208143  .0008897663
  .0079171830  .0008881632
  .0079135517  .0008865630
  .0079099213  .0008849660
  .0079062899  .0008833713
  .0079026586  .0008817795
  .0078990280  .0008801908
  .0078953967  .0008786045
  .0078917654  .0008770210
  .0078881340  .0008754403
  .0078845035  .0008738627
  .0078808723  .0008722877
  .0078772408  .0008707152
  .0078736094  .0008691457
  .0078699790  .0008675793
  .0078663477  .0008660153
  .0078627162  .0008644541
  .0078590849  .0008628957
  .0078554544  .0008613405
  .0078518231  .0008597876
  .0078481918  .0008582376
  .0078445613  .0008566907
  .0078409300  .0008551463
  .0078372986  .0008536046
  .0078336673  .0008520657
  .0078300368  .0008505300
  .0078264055  .0008489967
  .0078227741  .0008474662
  .0078191427  .0008459384
  .0078155123  .0008444139
  .0078118809  .0008428917
  .0078082495  .0008413723
  .0078046186  .0008398559
  .0078009877  .0008383423
  .0077973563  .0008368313
  .0077937254  .0008353233
  .0077900942  .0008338179
  .0077864631  .0008323154
  .0077828319  .0008308156
  .0077792009  .0008293187
  .0077755696  .0008278244
  .0077719387  .0008263331
  .0077683073  .0008248444
  .0077646764  .0008233587
  .0077610451  .0008218756
  .0077574142  .0008203954
  .0077537833  .0008189181
  .0077501518  .0008174433
  .0077465210  .0008159715
  .0077428896  .0008145023
  .0077392587  .0008130361
  .0077356275  .0008115725
  .0077319965  .0008101119
  .0077283652  .0008086538
  .0077247344  .0008071988
  .0077211029  .0008057463
  .0077174721  .0008042969
  .0077138405  .0008028499
  .0077102097  .0008014061
  .0077065783  .0007999648
  .0077029475  .0007985264
  .0076993166  .0007970909
  .0076956851  .0007956579
  .0076920543  .0007942280
  .0076884228  .0007928006
  .0076847919  .0007913762
  .0076811608  .0007899545
  .0076775297  .0007885356
  .0076738985  .0007871194
  .0076702674  .0007857062
  .0076666361  .0007842955
  .0076630053  .0007828879
  .0076593739  .0007814828
  .0076557430  .0007800808
  .0076521116  .0007786813
  .0076484808  .0007772848
  .0076448499  .0007758911
  .0076412184  .0007744999
  .0076375876  .0007731118
  .0076339561  .0007717262
  .0076303252  .0007703437
  .0076266939  .0007689637
  .0076230629  .0007675867
  .0076194317  .0007662124
  .0076158008  .0007648409
  .0076121695  .0007634721
  .0076085385  .0007621063
  .0076049071  .0007607430
  .0076012762  .0007593828
  .0075976454  .0007580253
  .0075940140  .0007566704
  .0075903831  .0007553185
  .0075867517  .0007539692
  .0075831209  .0007526229
  .0075794895  .0007512792
  .0075758585  .0007499384
  .0075722273  .0007486004
  .0075685962  .0007472651
  .0075649650  .0007459326
  .0075613342  .0007446030
  .0075577026  .0007432760
  .0075540718  .0007419520
  .0075504403  .0007406306
  .0075468096  .0007393122
  .0075431786  .0007379965
  .0075395472  .0007366834
  .0075359164  .0007353734
  .0075322850  .0007340659
  .0075286541  .0007327614
  .0075250226  .0007314594
  .0075213918  .0007301605
  .0075177604  .0007288642
  .0075141294  .0007275708
  .0075104982  .0007262801
  .0075068674  .0007249924
  .0075032359  .0007237072
  .0074996051  .0007224250
  .0074959743  .0007211456
  .0074923427  .0007198688
  .0074887119  .0007185950
  .0074850805  .0007173237
  .0074814496  .0007160555
  .0074778183  .0007147898
  .0074741873  .0007135271
  .0074705561  .0007122671
  .0074669251  .0007110100
  .0074632938  .0007097555
  .0074596629  .0007085040
  .0074560316  .0007072551
  .0074524005  .0007060090
  .0074487692  .0007047657
  .0074451383  .0007035253
  .0074415074  .0007022878
  .0074378760  .0007010528
  .0074342452  .0006998208
  .0074306137  .0006985913
  .0074269828  .0006973649
  .0074233515  .0006961411
  .0074197207  .0006949202
  .0074160893  .0006937020
  .0074124582  .0006924867
  .0074088268  .0006912736
  .0074051955  .0006900629
  .0074015640  .0006888543
  .0073979326  .0006876480
  .0073943011  .0006864438
  .0073906700  .0006852421
  .0073870388  .0006840425
  .0073834071  .0006828450
  .0073797758  .0006816499
  .0073761444  .0006804569
  .0073725132  .0006792663
  .0073688816  .0006780777
  .0073652503  .0006768915
  .0073616187  .0006757074
  .0073579878  .0006745257
  .0073543560  .0006733461
  .0073507249  .0006721688
  .0073470932  .0006709936
  .0073434621  .0006698208
  .0073398308  .0006686502
  .0073361994  .0006674818
  .0073325680  .0006663156
  .0073289366  .0006651516
  .0073253054  .0006639900
  .0073216736  .0006628304
  .0073180426  .0006616732
  .0073144110  .0006605181
  .0073107798  .0006593653
  .0073071482  .0006582147
  .0073035170  .0006570664
  .0072998852  .0006559202
  .0072962543  .0006547765
  .0072926226  .0006536347
  .0072889914  .0006524953
  .0072853603  .0006513582
  .0072817286  .0006502232
  .0072780975  .0006490905
  .0072744659  .0006479599
  .0072708347  .0006468317
  .0072672029  .0006457055
  .0072635719  .0006445819
  .0072599402  .0006434601
  .0072563091  .0006423409
  .0072526775  .0006412237
  .0072490462  .0006401088
  .0072454145  .0006389961
  .0072417836  .0006378858
  .0072381523  .0006367776
  .0072345207  .0006356715
  .0072308896  .0006345679
  .0072272578  .0006334662
  .0072236269  .0006323671
  .0072199951  .0006312699
  .0072163639  .0006301751
  .0072127322  .0006290824
  .0072091012  .0006279922
  .0072054694  .0006269039
  .0072018385  .0006258181
  .0071982067  .0006247344
  .0071945754  .0006236529
  .0071909441  .0006225737
  .0071873127  .0006214967
  .0071836817  .0006204221
  .0071800501  .0006193495
  .0071764188  .0006182792
  .0071727870  .0006172110
  .0071691561  .0006161453
  .0071655246  .0006150817
  .0071618933  .0006140203
  .0071582618  .0006129611
  .0071546304  .0006119042
  .0071509988  .0006108494
  .0071473677  .0006097971
  .0071437362  .0006087468
  .0071401048  .0006076988
  .0071364734  .0006066530
  .0071328422  .0006056095
  .0071292110  .0006045683
  .0071255796  .0006035292
  .0071219482  .0006024923
  .0071183166  .0006014576
  .0071146853  .0006004252
  .0071110538  .0005993950
  .0071074226  .0005983672
  .0071037910  .0005973414
  .0071001599  .0005963180
  .0070965281  .0005952967
  .0070928972  .0005942778
  .0070892655  .0005932609
  .0070856345  .0005922464
  .0070820029  .0005912341
  .0070783716  .0005902240
  .0070747404  .0005892162
  .0070711087  .0005882104
  .0070674776  .0005872071
  .0070638458  .0005862058
  .0070602148  .0005852070
  .0070565830  .0005842102
  .0070529522  .0005832158
  .0070493204  .0005822235
  .0070456892  .0005812335
  .0070420576  .0005802456
  .0070384265  .0005792601
  .0070347948  .0005782767
  .0070311636  .0005772956
  .0070275324  .0005763168
  .0070239007  .0005753401
  .0070202698  .0005743658
  .0070166380  .0005733935
  .0070130069  .0005724236
  .0070093753  .0005714558
  .0070057441  .0005704904
  .0070021124  .0005695270
  .0069984814  .0005685661
  .0069948497  .0005676072
  .0069912183  .0005666506
  .0069875868  .0005656962
  .0069839556  .0005647441
  .0069803247  .0005637944
  .0069766930  .0005628466
  .0069730618  .0005619012
  .0069694300  .0005609579
  .0069657991  .0005600171
  .0069621673  .0005590782
  .0069585362  .0005581418
  .0069549046  .0005572075
  .0069512733  .0005562754
  .0069476417  .0005553455
  .0069440106  .0005544180
  .0069403792  .0005534925
  .0069367479  .0005525690
  .0069331166  .0005516475
  .0069294854  .0005507281
  .0069258542  .0005498106
  .0069222228  .0005488952
  .0069185917  .0005479818
  .0069149603  .0005470703
  .0069113290  .0005461609
  .0069076974  .0005452534
  .0069040663  .0005443481
  .0069004349  .0005434447
  .0068968036  .0005425433
  .0068931722  .0005416439
  .0068895413  .0005407467
  .0068859095  .0005398512
  .0068822786  .0005389580
  .0068786473  .0005380667
  .0068750159  .0005371773
  .0068713846  .0005362900
  .0068677532  .0005354047
  .0068641219  .0005345214
  .0068604907  .0005336402
  .0068568597  .0005327610
  .0068532281  .0005318837
  .0068495970  .0005310085
  .0068459653  .0005301352
  .0068423343  .0005292640
  .0068387029  .0005283948
  .0068350716  .0005275276
  .0068314402  .0005266624
  .0068278091  .0005257993
  .0068241780  .0005249382
  .0068205464  .0005240789
  .0068169155  .0005232219
  .0068132837  .0005223667
  .0068096528  .0005215136
  .0068060210  .0005206624
  .0068023901  .0005198134
  .0067987585  .0005189662
  .0067951272  .0005181212
  .0067914958  .0005172781
  .0067878647  .0005164371
  .0067842331  .0005155980
  .0067806020  .0005147610
  .0067769707  .0005139259
  .0067733393  .0005130929
  .0067697085  .0005122620
  .0067660766  .0005114329
  .0067624458  .0005106060
  .0067588142  .0005097810
  .0067551831  .0005089581
  .0067515514  .0005081370
  .0067479205  .0005073182
  .0067442889  .0005065012
  .0067406577  .0005056861
  .0067370262  .0005048726
  .0067333950  .0005040611
  .0067297634  .0005032512
  .0067261324  .0005024433
  .0067225014  .0005016370
  .0067188699  .0005008323
  .0067152388  .0005000292
  .0067116076  .0004992276
  .0067079766  .0004984277
  .0067043453  .0004976294
  .0067007144  .0004968327
  .0066970830  .0004960375
  .0066934520  .0004952440
  .0066898207  .0004944520
  .0066861897  .0004936616
  .0066825584  .0004928728
  .0066789273  .0004920856
  .0066752962  .0004913000
  .0066716654  .0004905157
  .0066680349  .0004897328
  .0066644035  .0004889510
  .0066607730  .0004881707
  .0066571420  .0004873916
  .0066535112  .0004866138
  .0066498799  .0004858372
  .0066462496  .0004850621
  .0066426183  .0004842882
  .0066389877  .0004835156
  .0066353567  .0004827443
  .0066317259  .0004819743
  .0066280947  .0004812056
  .0066244641  .0004804382
  .0066208335  .0004796722
  .0066172025  .0004789074
  .0066135717  .0004781439
  .0066099405  .0004773816
  .0066063099  .0004766208
  .0066026786  .0004758611
  .0065990481  .0004751029
  .0065954173  .0004743459
  .0065917864  .0004735902
  .0065881552  .0004728357
  .0065845246  .0004720827
  .0065808936  .0004713309
  .0065772628  .0004705804
  .0065736316  .0004698311
  .0065700010  .0004690833
  .0065663704  .0004683367
  .0065627391  .0004675914
  .0065591085  .0004668474
  .0065554773  .0004661047
  .0065518467  .0004653633
  .0065482155  .0004646231
  .0065445851  .0004638844
  .0065409541  .0004631469
  .0065373233  .0004624107
  .0065336921  .0004616758
  .0065300615  .0004609422
  .0065264302  .0004602098
  .0065227997  .0004594789
  .0065191686  .0004587491
  .0065155381  .0004580206
  .0065119075  .0004572933
  .0065082762  .0004565670
  .0065046457  .0004558420
  .0065010145  .0004551181
  .0064973838  .0004543955
  .0064937529  .0004536739
  .0064901221  .0004529536
  .0064864910  .0004522344
  .0064828605  .0004515165
  .0064792295  .0004507997
  .0064755987  .0004500841
  .0064719676  .0004493696
  .0064683368  .0004486563
  .0064647060  .0004479442
  .0064610751  .0004472333
  .0064574444  .0004465235
  .0064538133  .0004458149
  .0064501827  .0004451076
  .0064465516  .0004444013
  .0064429209  .0004436962
  .0064392900  .0004429924
  .0064356592  .0004422897
  .0064320280  .0004415880
  .0064283976  .0004408878
  .0064247663  .0004401885
  .0064211357  .0004394906
  .0064175047  .0004387937
  .0064138741  .0004380981
  .0064102433  .0004374036
  .0064066124  .0004367103
  .0064029816  .0004360182
  .0063993506  .0004353272
  .0063957199  .0004346374
  .0063920888  .0004339488
  .0063884581  .0004332614
  .0063848272  .0004325751
  .0063811964  .0004318900
  .0063775652  .0004312061
  .0063739348  .0004305234
  .0063703036  .0004298418
  .0063666729  .0004291614
  .0063630423  .0004284822
  .0063594110  .0004278041
  .0063557804  .0004271273
  .0063521493  .0004264516
  .0063485187  .0004257771
  .0063448874  .0004251037
  .0063412571  .0004244316
  .0063376258  .0004237606
  .0063339952  .0004230908
  .0063303642  .0004224221
  .0063267336  .0004217547
  .0063231023  .0004210883
  .0063194718  .0004204233
  .0063158407  .0004197593
  .0063122099  .0004190966
  .0063085795  .0004184350
  .0063049482  .0004177746
  .0063013176  .0004171154
  .0062976867  .0004164573
  .0062940560  .0004158004
  .0062904248  .0004151446
  .0062867942  .0004144901
  .0062831631  .0004138367
  .0062795323  .0004131845
  .0062759014  .0004125335
  .0062722707  .0004118837
  .0062686396  .0004112350
  .0062650090  .0004105875
  .0062613777  .0004099411
  .0062577469  .0004092960
  .0062541164  .0004086521
  .0062504853  .0004080093
  .0062468546  .0004073677
  .0062432237  .0004067272
  .0062395929  .0004060880
  .0062359618  .0004054498
  .0062323313  .0004048130
  .0062287002  .0004041772
  .0062250694  .0004035426
  .0062214385  .0004029092
  .0062178078  .0004022770
  .0062141765  .0004016459
  .0062105462  .0004010161
  .0062069153  .0004003874
  .0062032843  .0003997598
  .0061996537  .0003991335
  .0061960226  .0003985083
  .0061923918  .0003978843
  .0061887609  .0003972615
  .0061851302  .0003966399
  .0061814990  .0003960193
  .0061778685  .0003954001
  .0061742373  .0003947819
  .0061706066  .0003941650
  .0061669756  .0003935492
  .0061633450  .0003929346
  .0061597139  .0003923212
  .0061560830  .0003917089
  .0061524524  .0003910978
  .0061488216  .0003904879
  .0061451906  .0003898790
  .0061415595  .0003892712
  .0061379287  .0003886645
  .0061342977  .0003880588
  .0061306670  .0003874542
  .0061270357  .0003868506
  .0061234051  .0003862482
  .0061197739  .0003856468
  .0061161433  .0003850466
  .0061125121  .0003844473
  .0061088814  .0003838491
  .0061052506  .0003832520
  .0061016196  .0003826560
  .0060979889  .0003820611
  .0060943577  .0003814671
  .0060907270  .0003808744
  .0060870958  .0003802826
  .0060834652  .0003796919
  .0060798341  .0003791023
  .0060762032  .0003785138
  .0060725720  .0003779263
  .0060689414  .0003773399
  .0060653102  .0003767546
  .0060616796  .0003761703
  .0060580483  .0003755871
  .0060544176  .0003750050
  .0060507870  .0003744240
  .0060471558  .0003738440
  .0060435252  .0003732652
  .0060398939  .0003726873
  .0060362633  .0003721105
  .0060326321  .0003715348
  .0060290014  .0003709602
  .0060253702  .0003703866
  .0060217395  .0003698141
  .0060181084  .0003692426
  .0060144778  .0003686723
  .0060108467  .0003681028
  .0060072161  .0003675345
  .0060035853  .0003669673
  .0059999543  .0003664010
  .0059963235  .0003658358
  .0059926923  .0003652716
  .0059890619  .0003647085
  .0059854307  .0003641464
  .0059818000  .0003635853
  .0059781690  .0003630253
  .0059745383  .0003624664
  .0059709071  .0003619084
  .0059672764  .0003613515
  .0059636454  .0003607957
  .0059600148  .0003602409
  .0059563837  .0003596871
  .0059527529  .0003591344
  .0059491223  .0003585828
  .0059454911  .0003580321
  .0059418605  .0003574826
  .0059382295  .0003569340
  .0059345987  .0003563865
  .0059309676  .0003558400
  .0059273368  .0003552944
  .0059237057  .0003547498
  .0059200751  .0003542062
  .0059164438  .0003536634
  .0059128131  .0003531216
  .0059091819  .0003525808
  .0059055512  .0003520409
  .0059019201  .0003515019
  .0058982894  .0003509639
  .0058946587  .0003504269
  .0058910276  .0003498908
  .0058873967  .0003493556
  .0058837657  .0003488213
  .0058801349  .0003482881
  .0058765037  .0003477557
  .0058728730  .0003472243
  .0058692419  .0003466938
  .0058656110  .0003461643
  .0058619800  .0003456357
  .0058583492  .0003451081
  .0058547181  .0003445814
  .0058510873  .0003440557
  .0058474567  .0003435309
  .0058438254  .0003430070
  .0058401948  .0003424841
  .0058365635  .0003419621
  .0058329330  .0003414412
  .0058293016  .0003409210
  .0058256710  .0003404019
  .0058220399  .0003398837
  .0058184091  .0003393665
  .0058147778  .0003388501
  .0058111473  .0003383348
  .0058075160  .0003378203
  .0058038854  .0003373069
  .0058002542  .0003367943
  .0057966235  .0003362828
  .0057929928  .0003357722
  .0057893616  .0003352624
  .0057857308  .0003347537
  .0057820998  .0003342459
  .0057784689  .0003337390
  .0057748378  .0003332331
  .0057712072  .0003327281
  .0057675760  .0003322240
  .0057639453  .0003317210
  .0057603141  .0003312188
  .0057566834  .0003307176
  .0057530521  .0003302173
  .0057494216  .0003297180
  .0057457907  .0003292197
  .0057421597  .0003287222
  .0057385289  .0003282258
  .0057348977  .0003277302
  .0057312671  .0003272356
  .0057276359  .0003267419
  .0057240052  .0003262492
  .0057203741  .0003257574
  .0057167433  .0003252666
  .0057131122  .0003247767
  .0057094814  .0003242878
  .0057058503  .0003237998
  .0057022195  .0003233128
  .0056985884  .0003228266
  .0056949575  .0003223415
  .0056913270  .0003218573
  .0056876957  .0003213740
  .0056840652  .0003208917
  .0056804339  .0003204103
  .0056768032  .0003199298
  .0056731721  .0003194503
  .0056695413  .0003189718
  .0056659101  .0003184941
  .0056622795  .0003180175
  .0056586482  .0003175417
  .0056550178  .0003170670
  .0056513865  .0003165931
  .0056477557  .0003161202
  .0056441244  .0003156482
  .0056404937  .0003151773
  .0056368630  .0003147072
  .0056332320  .0003142381
  .0056296011  .0003137699
  .0056259700  .0003133027
  .0056223394  .0003128364
  .0056187082  .0003123710
  .0056150775  .0003119067
  .0056114463  .0003114432
  .0056078156  .0003109807
  .0056041844  .0003105191
  .0056005537  .0003100585
  .0055969225  .0003095987
  .0055932918  .0003091400
  .0055896611  .0003086823
  .0055860299  .0003082254
  .0055823992  .0003077695
  .0055787681  .0003073145
  .0055751373  .0003068605
  .0055715063  .0003064074
  .0055678754  .0003059553
  .0055642443  .0003055041
  .0055606137  .0003050539
  .0055569825  .0003046045
  .0055533518  .0003041562
  .0055497206  .0003037087
  .0055460897  .0003032623
  .0055424589  .0003028168
  .0055388280  .0003023722
  .0055351973  .0003019286
  .0055315660  .0003014858
  .0055279354  .0003010441
  .0055243042  .0003006033
  .0055206734  .0003001633
  .0055170424  .0002997242
  .0055134115  .0002992860
  .0055097803  .0002988486
  .0055061497  .0002984121
  .0055025185  .0002979764
  .0054988878  .0002975416
  .0054952566  .0002971075
  .0054916258  .0002966744
  .0054879951  .0002962421
  .0054843641  .0002958105
  .0054807332  .0002953798
  .0054771022  .0002949500
  .0054734714  .0002945210
  .0054698402  .0002940927
  .0054662095  .0002936654
  .0054625782  .0002932388
  .0054589478  .0002928132
  .0054553165  .0002923883
  .0054516859  .0002919643
  .0054480546  .0002915410
  .0054444238  .0002911186
  .0054407926  .0002906971
  .0054371619  .0002902764
  .0054335313  .0002898565
  .0054299002  .0002894374
  .0054262694  .0002890192
  .0054226382  .0002886018
  .0054190075  .0002881853
  .0054153762  .0002877695
  .0054117455  .0002873546
  .0054081144  .0002869405
  .0054044838  .0002865273
  .0054008525  .0002861149
  .0053972219  .0002857033
  .0053935906  .0002852925
  .0053899600  .0002848827
  .0053863287  .0002844735
  .0053826980  .0002840653
  .0053790675  .0002836579
  .0053754362  .0002832513
  .0053718056  .0002828456
  .0053681743  .0002824406
  .0053645436  .0002820365
  .0053609123  .0002816332
  .0053572816  .0002812308
  .0053536504  .0002808292
  .0053500199  .0002804284
  .0053463887  .0002800284
  .0053427579  .0002796294
  .0053391268  .0002792310
  .0053354960  .0002788336
  .0053318650  .0002784370
  .0053282340  .0002780412
  .0053246035  .0002776463
  .0053209724  .0002772521
  .0053173416  .0002768588
  .0053137104  .0002764663
  .0053100797  .0002760747
  .0053064484  .0002756839
  .0053028177  .0002752939
  .0052991864  .0002749047
  .0052955560  .0002745165
  .0052919245  .0002741289
  .0052882940  .0002737423
  .0052846627  .0002733565
  .0052810320  .0002729715
  .0052774013  .0002725874
  .0052737700  .0002722040
  .0052701393  .0002718215
  .0052665083  .0002714399
  .0052628775  .0002710591
  .0052592461  .0002706790
  .0052556155  .0002702999
  .0052519842  .0002699215
  .0052483537  .0002695441
  .0052447225  .0002691674
  .0052410917  .0002687916
  .0052374604  .0002684165
  .0052338298  .0002680424
  .0052301990  .0002676691
  .0052265679  .0002672966
  .0052229371  .0002669249
  .0052193060  .0002665541
  .0052156753  .0002661841
  .0052120439  .0002658149
  .0052084130  .0002654465
  .0052047816  .0002650788
  .0052011508  .0002647120
  .0051975196  .0002643459
  .0051938887  .0002639806
  .0051902575  .0002636161
  .0051866266  .0002632523
  .0051829953  .0002628893
  .0051793643  .0002625272
  .0051757338  .0002621658
  .0051721025  .0002618052
  .0051684715  .0002614453
  .0051648403  .0002610862
  .0051612094  .0002607280
  .0051575780  .0002603704
  .0051539474  .0002600138
  .0051503162  .0002596578
  .0051466853  .0002593026
  .0051430539  .0002589482
  .0051394231  .0002585946
  .0051357917  .0002582418
  .0051321610  .0002578898
  .0051285298  .0002575385
  .0051248989  .0002571880
  .0051212680  .0002568383
  .0051176368  .0002564893
  .0051140058  .0002561410
  .0051103746  .0002557935
  .0051067436  .0002554467
  .0051031124  .0002551006
  .0050994815  .0002547553
  .0050958502  .0002544106
  .0050922193  .0002540668
  .0050885880  .0002537236
  .0050849571  .0002533812
  .0050813259  .0002530395
  .0050776949  .0002526986
  .0050740642  .0002523584
  .0050704328  .0002520189
  .0050668020  .0002516802
  .0050631706  .0002513421
  .0050595398  .0002510049
  .0050559084  .0002506683
  .0050522776  .0002503325
  .0050486463  .0002499974
  .0050450155  .0002496630
  .0050413841  .0002493294
  .0050377533  .0002489965
  .0050341219  .0002486643
  .0050304911  .0002483329
  .0050268599  .0002480022
  .0050232290  .0002476723
  .0050195982  .0002473431
  .0050159668  .0002470145
  .0050123360  .0002466868
  .0050087047  .0002463597
  .0050050738  .0002460334
  .0050014426  .0002457078
  .0049978117  .0002453829
  .0049941804  .0002450586
  .0049905496  .0002447351
  .0049869182  .0002444122
  .0049832876  .0002440900
  .0049796562  .0002437683
  .0049760256  .0002434473
  .0049723947  .0002431269
  .0049687634  .0002428071
  .0049651327  .0002424880
  .0049615015  .0002421694
  .0049578708  .0002418514
  .0049542394  .0002415341
  .0049506085  .0002412174
  .0049469774  .0002409012
  .0049433465  .0002405857
  .0049397152  .0002402708
  .0049360845  .0002399566
  .0049324532  .0002396429
  .0049288224  .0002393299
  .0049251912  .0002390174
  .0049215604  .0002387056
  .0049179298  .0002383943
  .0049142987  .0002380834
  .0049106679  .0002377730
  .0049070368  .0002374630
  .0049034062  .0002371536
  .0048997752  .0002368445
  .0048961445  .0002365360
  .0048925133  .0002362279
  .0048888827  .0002359203
  .0048852516  .0002356131
  .0048816209  .0002353064
  .0048779899  .0002350001
  .0048743592  .0002346943
  .0048707285  .0002343890
  .0048670974  .0002340841
  .0048634667  .0002337797
  .0048598356  .0002334757
  .0048562050  .0002331723
  .0048525738  .0002328692
  .0048489432  .0002325667
  .0048453121  .0002322646
  .0048416814  .0002319629
  .0048380502  .0002316617
  .0048344197  .0002313610
  .0048307885  .0002310607
  .0048271579  .0002307609
  .0048235268  .0002304616
  .0048198960  .0002301627
  .0048162656  .0002298643
  .0048126343  .0002295663
  .0048090037  .0002292688
  .0048053726  .0002289718
  .0048017419  .0002286752
  .0047981107  .0002283791
  .0047944803  .0002280835
  .0047908490  .0002277882
  .0047872183  .0002274935
  .0047835873  .0002271992
  .0047799566  .0002269054
  .0047763255  .0002266121
  .0047726949  .0002263192
  .0047690637  .0002260267
  .0047654330  .0002257348
  .0047618025  .0002254433
  .0047581713  .0002251522
  .0047545406  .0002248617
  .0047509095  .0002245715
  .0047472788  .0002242819
  .0047436477  .0002239926
  .0047400171  .0002237039
  .0047363860  .0002234156
  .0047327552  .0002231278
  .0047291242  .0002228404
  .0047254935  .0002225536
  .0047218625  .0002222671
  .0047182318  .0002219811
  .0047146011  .0002216956
  .0047109700  .0002214106
  .0047073394  .0002211260
  .0047037083  .0002208418
  .0047000776  .0002205582
  .0046964465  .0002202749
  .0046928158  .0002199922
  .0046891848  .0002197099
  .0046855541  .0002194281
  .0046819228  .0002191467
  .0046782923  .0002188658
  .0046746611  .0002185853
  .0046710304  .0002183054
  .0046673994  .0002180259
  .0046637686  .0002177468
  .0046601379  .0002174682
  .0046565068  .0002171901
  .0046528761  .0002169125
  .0046492449  .0002166352
  .0046456143  .0002163585
  .0046419831  .0002160822
  .0046383524  .0002158064
  .0046347214  .0002155311
  .0046310907  .0002152562
  .0046274595  .0002149818
  .0046238288  .0002147078
  .0046201978  .0002144342
  .0046165671  .0002141611
  .0046129365  .0002138885
  .0046093055  .0002136162
  .0046056747  .0002133444
  .0046020436  .0002130730
  .0045984129  .0002128021
  .0045947819  .0002125316
  .0045911512  .0002122615
  .0045875201  .0002119919
  .0045838895  .0002117227
  .0045802583  .0002114539
  .0045766277  .0002111856
  .0045729966  .0002109176
  .0045693660  .0002106502
  .0045657349  .0002103831
  .0045621041  .0002101165
  .0045584736  .0002098504
  .0045548425  .0002095846
  .0045512117  .0002093193
  .0045475807  .0002090545
  .0045439500  .0002087900
  .0045403189  .0002085260
  .0045366883  .0002082625
  .0045330571  .0002079993
  .0045294266  .0002077366
  .0045257954  .0002074743
  .0045221648  .0002072125
  .0045185337  .0002069511
  .0045149031  .0002066902
  .0045112720  .0002064296
  .0045076412  .0002061695
  .0045040107  .0002059099
  .0045003796  .0002056506
  .0044967488  .0002053918
  .0044931178  .0002051335
  .0044894871  .0002048756
  .0044858560  .0002046180
  .0044822254  .0002043610
  .0044785942  .0002041043
  .0044749636  .0002038482
  .0044713324  .0002035924
  .0044677018  .0002033371
  .0044640708  .0002030822
  .0044604401  .0002028277
  .0044568094  .0002025737
  .0044531783  .0002023201
  .0044495477  .0002020669
  .0044459166  .0002018142
  .0044422858  .0002015619
  .0044386548  .0002013100
  .0044350241  .0002010586
  .0044313931  .0002008076
  .0044277625  .0002005571
  .0044241312  .0002003069
  .0044205007  .0002000573
  .0044168695  .0001998080
  .0044132388  .0001995592
  .0044096079  .0001993108
  .0044059771  .0001990628
  .0044023465  .0001988153
  .0043987153  .0001985682
  .0043950848  .0001983216
  .0043914537  .0001980753
  .0043878229  .0001978296
  .0043841919  .0001975842
  .0043805612  .0001973393
  .0043769300  .0001970948
  .0043732993  .0001968507
  .0043696684  .0001966071
  .0043660377  .0001963639
  .0043624065  .0001961211
  .0043587758  .0001958788
  .0043551452  .0001956370
  .0043515139  .0001953955
  .0043478832  .0001951544
  .0043442522  .0001949138
  .0043406215  .0001946736
  .0043369903  .0001944338
  .0043333596  .0001941945
  .0043297284  .0001939555
  .0043260978  .0001937170
  .0043224667  .0001934789
  .0043188359  .0001932413
  .0043152047  .0001930040
  .0043115741  .0001927672
  .0043079428  .0001925308
  .0043043122  .0001922948
  .0043006815  .0001920593
  .0042970503  .0001918241
  .0042934196  .0001915894
  .0042897885  .0001913551
  .0042861578  .0001911212
  .0042825267  .0001908878
  .0042788959  .0001906548
  .0042752647  .0001904221
  .0042716342  .0001901900
  .0042680030  .0001899582
  .0042643722  .0001897269
  .0042607411  .0001894959
  .0042571104  .0001892655
  .0042534793  .0001890354
  .0042498486  .0001888057
  .0042462179  .0001885765
  .0042425867  .0001883477
  .0042389561  .0001881193
  .0042353248  .0001878914
  .0042316941  .0001876638
  .0042280630  .0001874367
  .0042244323  .0001872100
  .0042208011  .0001869837
  .0042171704  .0001867579
  .0042135393  .0001865325
  .0042099087  .0001863075
  .0042062774  .0001860829
  .0042026467  .0001858587
  .0041990161  .0001856350
  .0041953849  .0001854117
  .0041917543  .0001851888
  .0041881230  .0001849664
  .0041844923  .0001847444
  .0041808611  .0001845228
  .0041772305  .0001843017
  .0041735993  .0001840809
  .0041699685  .0001838607
  .0041663374  .0001836408
  .0041627066  .0001834214
  .0041590754  .0001832024
  .0041554447  .0001829839
  .0041518136  .0001827657
  .0041481828  .0001825481
  .0041445522  .0001823308
  .0041409210  .0001821140
  .0041372903  .0001818976
  .0041336591  .0001816817
  .0041300284  .0001814661
  .0041263972  .0001812510
  .0041227666  .0001810364
  .0041191354  .0001808221
  .0041155047  .0001806084
  .0041118735  .0001803950
  .0041082428  .0001801821
  .0041046116  .0001799695
  .0041009809  .0001797575
  .0040973502  .0001795459
  .0040937190  .0001793346
  .0040900883  .0001791239
  .0040864571  .0001789135
  .0040828264  .0001787036
  .0040791952  .0001784941
  .0040755645  .0001782851
  .0040719333  .0001780765
  .0040683026  .0001778683
  .0040646715  .0001776606
  .0040610408  .0001774533
  .0040574096  .0001772464
  .0040537789  .0001770399
  .0040501477  .0001768339
  .0040465170  .0001766283
  .0040428863  .0001764232
  .0040392551  .0001762184
  .0040356245  .0001760141
  .0040319932  .0001758103
  .0040283626  .0001756068
  .0040247314  .0001754038
  .0040211006  .0001752013
  .0040174695  .0001749991
  .0040138388  .0001747974
  .0040102075  .0001745962
  .0040065768  .0001743953
  .0040029457  .0001741949
  .0039993150  .0001739950
  .0039956843  .0001737954
  .0039920531  .0001735963
  .0039884224  .0001733976
  .0039847912  .0001731994
  .0039811605  .0001730016
  .0039775293  .0001728042
  .0039738987  .0001726073
  .0039702675  .0001724107
  .0039666368  .0001722147
  .0039630056  .0001720190
  .0039593749  .0001718238
  .0039557437  .0001716290
  .0039521131  .0001714346
  .0039484819  .0001712407
  .0039448511  .0001710472
  .0039412204  .0001708542
  .0039375892  .0001706615
  .0039339585  .0001704693
  .0039303273  .0001702775
  .0039266966  .0001700862
  .0039230654  .0001698953
  .0039194348  .0001697049
  .0039158036  .0001695148
  .0039121729  .0001693252
  .0039085416  .0001691360
  .0039049110  .0001689472
  .0039012800  .0001687589
  .0038976489  .0001685710
  .0038940181  .0001683835
  .0038903871  .0001681964
  .0038867560  .0001680097
  .0038831251  .0001678235
  .0038794942  .0001676377
  .0038758632  .0001674523
  .0038722322  .0001672673
  .0038686012  .0001670827
  .0038649705  .0001668986
  .0038613396  .0001667149
  .0038577086  .0001665316
  .0038540776  .0001663487
  .0038504467  .0001661663
  .0038468157  .0001659843
  .0038431847  .0001658027
  .0038395538  .0001656215
  .0038359228  .0001654407
  .0038322918  .0001652604
  .0038286609  .0001650804
  .0038250299  .0001649009
  .0038213990  .0001647218
  .0038177682  .0001645431
  .0038141374  .0001643648
  .0038105064  .0001641870
  .0038068754  .0001640095
  .0038032445  .0001638325
  .0037996135  .0001636559
  .0037959825  .0001634797
  .0037923519  .0001633039
  .0037887207  .0001631285
  .0037850896  .0001629536
  .0037814589  .0001627790
  .0037778278  .0001626049
  .0037741969  .0001624312
  .0037705659  .0001622580
  .0037669351  .0001620851
  .0037633043  .0001619127
  .0037596733  .0001617407
  .0037560422  .0001615691
  .0037524115  .0001613979
  .0037487804  .0001612272
  .0037451494  .0001610568
  .0037415184  .0001608869
  .0037378876  .0001607174
  .0037342567  .0001605484
  .0037306256  .0001603797
  .0037269946  .0001602115
  .0037233638  .0001600437
  .0037197328  .0001598763
  .0037161018  .0001597093
  .0037124711  .0001595427
  .0037088401  .0001593766
  .0037052091  .0001592109
  .0037015782  .0001590456
  .0036979474  .0001588807
  .0036943164  .0001587163
  .0036906853  .0001585522
  .0036870543  .0001583886
  .0036834235  .0001582254
  .0036797926  .0001580626
  .0036761615  .0001579003
  .0036725304  .0001577383
  .0036688997  .0001575768
  .0036652688  .0001574157
  .0036616376  .0001572550
  .0036580069  .0001570948
  .0036543760  .0001569349
  .0036507450  .0001567755
  .0036471141  .0001566164
  .0036434829  .0001564578
  .0036398520  .0001562996
  .0036362211  .0001561419
  .0036325901  .0001559845
  .0036289590  .0001558275
  .0036253281  .0001556710
  .0036216971  .0001555149
  .0036180663  .0001553592
  .0036144353  .0001552039
  .0036108041  .0001550491
  .0036071734  .0001548946
  .0036035425  .0001547406
  .0035999115  .0001545870
  .0035962807  .0001544338
  .0035926497  .0001542810
  .0035890185  .0001541286
  .0035853876  .0001539767
  .0035817567  .0001538251
  .0035781257  .0001536740
  .0035744947  .0001535233
  .0035708636  .0001533731
  .0035672326  .0001532233
  .0035636015  .0001530739
  .0035599704  .0001529250
  .0035563398  .0001527765
  .0035527088  .0001526285
  .0035490777  .0001524809
  .0035454466  .0001523337
  .0035418156  .0001521870
  .0035381845  .0001520407
  .0035345535  .0001518949
  .0035309226  .0001517495
  .0035272916  .0001516046
  .0035236606  .0001514600
  .0035200295  .0001513160
  .0035163985  .0001511723
  .0035127674  .0001510292
  .0035091363  .0001508864
  .0035055057  .0001507441
  .0035018746  .0001506023
  .0034982436  .0001504608
  .0034946125  .0001503199
  .0034909815  .0001501793
  .0034873504  .0001500392
  .0034837195  .0001498996
  .0034800885  .0001497604
  .0034764574  .0001496216
  .0034728264  .0001494833
  .0034691953  .0001493454
  .0034655642  .0001492079
  .0034619333  .0001490709
  .0034583024  .0001489344
  .0034546715  .0001487983
  .0034510404  .0001486626
  .0034474094  .0001485273
  .0034437783  .0001483925
  .0034401473  .0001482582
  .0034365164  .0001481243
  .0034328855  .0001479908
  .0034292545  .0001478577
  .0034256234  .0001477250
  .0034219925  .0001475928
  .0034183616  .0001474609
  .0034147307  .0001473295
  .0034110996  .0001471985
  .0034074687  .0001470679
  .0034038380  .0001469377
  .0034002071  .0001468079
  .0033965760  .0001466785
  .0033929452  .0001465496
  .0033893142  .0001464211
  .0033856832  .0001462930
  .0033820524  .0001461653
  .0033784215  .0001460381
  .0033747905  .0001459112
  .0033711597  .0001457849
  .0033675287  .0001456589
  .0033638978  .0001455333
  .0033602668  .0001454082
  .0033566358  .0001452835
  .0033530048  .0001451591
  .0033493740  .0001450351
  .0033457429  .0001449115
  .0033421119  .0001447882
  .0033384807  .0001446653
  .0033348498  .0001445427
  .0033312187  .0001444205
  .0033275878  .0001442986
  .0033239566  .0001441771
  .0033203257  .0001440560
  .0033166946  .0001439352
  .0033130635  .0001438147
  .0033094325  .0001436947
  .0033058014  .0001435749
  .0033021705  .0001434556
  .0032985396  .0001433366
  .0032949087  .0001432179
  .0032912775  .0001430996
  .0032876463  .0001429817
  .0032840154  .0001428641
  .0032803843  .0001427469
  .0032767533  .0001426300
  .0032731222  .0001425135
  .0032694913  .0001423974
  .0032658602  .0001422816
  .0032622292  .0001421661
  .0032585981  .0001420510
  .0032549670  .0001419363
  .0032513361  .0001418219
  .0032477051  .0001417079
  .0032440741  .0001415943
  .0032404430  .0001414810
  .0032368122  .0001413680
  .0032331811  .0001412554
  .0032295499  .0001411432
  .0032259190  .0001410313
  .0032222879  .0001409198
  .0032186569  .0001408086
  .0032150258  .0001406978
  .0032113947  .0001405874
  .0032077637  .0001404773
  .0032041326  .0001403675
  .0032005016  .0001402581
  .0031968707  .0001401491
  .0031932398  .0001400405
  .0031896086  .0001399321
  .0031859777  .0001398242
  .0031823466  .0001397166
  .0031787156  .0001396093
  .0031750845  .0001395025
  .0031714534  .0001393959
  .0031678225  .0001392898
  .0031641913  .0001391839
  .0031605604  .0001390785
  .0031569293  .0001389734
  .0031532982  .0001388686
  .0031496672  .0001387642
  .0031460365  .0001386602
  .0031424053  .0001385565
  .0031387742  .0001384532
  .0031351433  .0001383502
  .0031315122  .0001382476
  .0031278812  .0001381454
  .0031242501  .0001380435
  .0031206191  .0001379419
  .0031169880  .0001378408
  .0031133569  .0001377399
  .0031097260  .0001376395
  .0031060948  .0001375394
  .0031024638  .0001374396
  .0030988328  .0001373402
  .0030952017  .0001372412
  .0030915709  .0001371425
  .0030879397  .0001370441
  .0030843088  .0001369462
  .0030806777  .0001368486
  .0030770468  .0001367513
  .0030734157  .0001366544
  .0030697846  .0001365578
  .0030661535  .0001364615
  .0030625224  .0001363655
  .0030588913  .0001362698
  .0030552603  .0001361745
  .0030516292  .0001360794
  .0030479980  .0001359847
  .0030443670  .0001358903
  .0030407362  .0001357962
  .0030371051  .0001357024
  .0030334739  .0001356089
  .0030298430  .0001355157
  .0030262118  .0001354228
  .0030225807  .0001353302
  .0030189496  .0001352380
  .0030153184  .0001351460
  .0030116874  .0001350543
  .0030080563  .0001349629
  .0030044252  .0001348719
  .0030007941  .0001347810
  .0029971630  .0001346905
  .0029935317  .0001346003
  .0029899009  .0001345104
  .0029862698  .0001344207
  .0029826387  .0001343313
  .0029790076  .0001342423
  .0029753766  .0001341535
  .0029717453  .0001340650
  .0029681143  .0001339768
  .0029644831  .0001338889
  .0029608520  .0001338012
  .0029572210  .0001337139
  .0029535900  .0001336269
  .0029499588  .0001335401
  .0029463276  .0001334536
  .0029426965  .0001333675
  .0029390656  .0001332816
  .0029354345  .0001331960
  .0029318034  .0001331107
  .0029281724  .0001330256
  .0029245412  .0001329409
  .0029209102  .0001328565
  .0029172790  .0001327723
  .0029136479  .0001326884
  .0029100168  .0001326049
  .0029063857  .0001325216
  .0029027545  .0001324386
  .0028991235  .0001323559
  .0028954922  .0001322734
  .0028918612  .0001321913
  .0028882303  .0001321095
  .0028845992  .0001320279
  .0028809681  .0001319467
  .0028773370  .0001318657
  .0028737060  .0001317850
  .0028700747  .0001317046
  .0028664436  .0001316245
  .0028628125  .0001315447
  .0028591815  .0001314652
  .0028555504  .0001313859
  .0028519192  .0001313070
  .0028482881  .0001312283
  .0028446569  .0001311500
  .0028410260  .0001310719
  .0028373951  .0001309941
  .0028337641  .0001309167
  .0028301330  .0001308395
  .0028265020  .0001307627
  .0028228709  .0001306861
  .0028192399  .0001306099
  .0028156087  .0001305340
  .0028119777  .0001304584
  .0028083467  .0001303831
  .0028047156  .0001303081
  .0028010846  .0001302334
  .0027974535  .0001301590
  .0027938224  .0001300849
  .0027901914  .0001300112
  .0027865603  .0001299377
  .0027829296  .0001298646
  .0027792984  .0001297918
  .0027756675  .0001297193
  .0027720364  .0001296471
  .0027684054  .0001295752
  .0027647743  .0001295036
  .0027611433  .0001294323
  .0027575123  .0001293614
  .0027538812  .0001292907
  .0027502502  .0001292204
  .0027466191  .0001291503
  .0027429881  .0001290806
  .0027393570  .0001290112
  .0027357260  .0001289421
  .0027320953  .0001288733
  .0027284641  .0001288048
  .0027248332  .0001287367
  .0027212021  .0001286689
  .0027175710  .0001286014
  .0027139399  .0001285342
  .0027103088  .0001284674
  .0027066778  .0001284008
  .0027030469  .0001283346
  .0026994158  .0001282687
  .0026957848  .0001282032
  .0026921537  .0001281379
  .0026885227  .0001280730
  .0026848917  .0001280084
  .0026812609  .0001279440
  .0026776299  .0001278800
  .0026739988  .0001278164
  .0026703678  .0001277530
  .0026667366  .0001276900
  .0026631055  .0001276272
  .0026594746  .0001275649
  .0026558435  .0001275028
  .0026522124  .0001274411
  .0026485813  .0001273796
  .0026449503  .0001273186
  .0026413192  .0001272578
  .0026376881  .0001271973
  .0026340571  .0001271372
  .0026304261  .0001270774
  .0026267951  .0001270180
  .0026231640  .0001269588
  .0026195331  .0001269000
  .0026159019  .0001268415
  .0026122709  .0001267833
  .0026086398  .0001267255
  .0026050086  .0001266680
  .0026013777  .0001266108
  .0025977465  .0001265539
  .0025941156  .0001264974
  .0025904844  .0001264411
  .0025868534  .0001263852
  .0025832222  .0001263297
  .0025795915  .0001262744
  .0025759604  .0001262195
  .0025723292  .0001261649
  .0025686983  .0001261106
  .0025650672  .0001260567
  .0025614361  .0001260030
  .0025578050  .0001259497
  .0025541740  .0001258968
  .0025505429  .0001258441
  .0025469118  .0001257918
  .0025432808  .0001257398
  .0025396497  .0001256881
  .0025360187  .0001256367
  .0025323876  .0001255857
  .0025287568  .0001255350
  .0025251256  .0001254846
  .0025214945  .0001254346
  .0025178635  .0001253849
  .0025142323  .0001253355
  .0025106011  .0001252864
  .0025069701  .0001252377
  .0025033389  .0001251893
  .0024997078  .0001251412
  .0024960766  .0001250934
  .0024924456  .0001250459
  .0024888144  .0001249987
  .0024851834  .0001249518
  .0024815522  .0001249052
  .0024779210  .0001248589
  .0024742900  .0001248129
  .0024706589  .0001247672
  .0024670278  .0001247218
  .0024633966  .0001246767
  .0024597655  .0001246320
  .0024561343  .0001245875
  .0024525032  .0001245433
  .0024488721  .0001244994
  .0024452410  .0001244558
  .0024416099  .0001244126
  .0024379786  .0001243696
  .0024343475  .0001243269
  .0024307163  .0001242846
  .0024270853  .0001242425
  .0024234543  .0001242007
  .0024198232  .0001241593
  .0024161920  .0001241181
  .0024125609  .0001240772
  .0024089297  .0001240367
  .0024052987  .0001239964
  .0024016676  .0001239565
  .0023980363  .0001239168
  .0023944051  .0001238775
  .0023907740  .0001238384
  .0023871429  .0001237997
  .0023835118  .0001237612
  .0023798807  .0001237231
  .0023762496  .0001236853
  .0023726186  .0001236477
  .0023689874  .0001236105
  .0023653562  .0001235735
  .0023617252  .0001235369
  .0023580941  .0001235006
  .0023544629  .0001234646
  .0023508318  .0001234288
  .0023472006  .0001233934
  .0023435695  .0001233583
  .0023399383  .0001233235
  .0023363072  .0001232889
  .0023326761  .0001232547
  .0023290450  .0001232208
  .0023254137  .0001231872
  .0023217828  .0001231539
  .0023181516  .0001231208
  .0023145206  .0001230881
  .0023108894  .0001230557
  .0023072582  .0001230236
  .0023036271  .0001229918
  .0022999960  .0001229602
  .0022963648  .0001229290
  .0022927337  .0001228981
  .0022891025  .0001228675
  .0022854714  .0001228372
  .0022818402  .0001228072
  .0022782091  .0001227775
  .0022745779  .0001227480
  .0022709472  .0001227189
  .0022673160  .0001226901
  .0022636847  .0001226616
  .0022600536  .0001226334
  .0022564226  .0001226056
  .0022527914  .0001225780
  .0022491603  .0001225508
  .0022455291  .0001225238
  .0022418981  .0001224972
  .0022382669  .0001224709
  .0022346358  .0001224449
  .0022310047  .0001224193
  .0022273735  .0001223939
  .0022237424  .0001223689
  .0022201112  .0001223442
  .0022164803  .0001223197
  .0022128493  .0001222956
  .0022092182  .0001222719
  .0022055870  .0001222485
  .0022019559  .0001222254
  .0021983249  .0001222027
  .0021946939  .0001221804
  .0021910627  .0001221584
  .0021874316  .0001221368
  .0021838005  .0001221155
  .0021801695  .0001220945
  .0021765383  .0001220740
  .0021729073  .0001220537
  .0021692761  .0001220339
  .0021656453  .0001220143
  .0021620142  .0001219952
  .0021583832  .0001219764
  .0021547520  .0001219579
  .0021511209  .0001219398
  .0021474898  .0001219221
  .0021438586  .0001219047
  .0021402274  .0001218876
  .0021365962  .0001218708
  .0021329650  .0001218544
  .0021293338  .0001218383
  .0021257027  .0001218225
  .0021220716  .0001218070
  .0021184404  .0001217919
  .0021148094  .0001217770
  .0021111782  .0001217626
  .0021075470  .0001217484
  .0021039158  .0001217345
  .0021002846  .0001217210
  .0020966534  .0001217077
  .0020930221  .0001216948
  .0020893910  .0001216822
  .0020857597  .0001216698
  .0020821285  .0001216578
  .0020784972  .0001216461
  .0020748659  .0001216346
  .0020712349  .0001216234
  .0020676036  .0001216125
  .0020639726  .0001216018
  .0020603415  .0001215915
  .0020567102  .0001215814
  .0020530791  .0001215716
  .0020494479  .0001215621
  .0020458166  .0001215529
  .0020421854  .0001215439
  .0020385542  .0001215352
  .0020349230  .0001215268
  .0020312918  .0001215187
  .0020276605  .0001215109
  .0020240295  .0001215033
  .0020203983  .0001214961
  .0020167671  .0001214891
  .0020131361  .0001214824
  .0020095050  .0001214760
  .0020058738  .0001214699
  .0020022426  .0001214642
  .0019986115  .0001214587
  .0019949803  .0001214535
  .0019913492  .0001214486
  .0019877180  .0001214440
  .0019840868  .0001214397
  .0019804557  .0001214358
  .0019768245  .0001214322
  .0019731934  .0001214288
  .0019695622  .0001214258
  .0019659311  .0001214231
  .0019623002  .0001214208
  .0019586690  .0001214187
  .0019550378  .0001214170
  .0019514066  .0001214156
  .0019477755  .0001214145
  .0019441444  .0001214137
  .0019405133  .0001214132
  .0019368822  .0001214131

