 98
 .002261 .038051
 .006491 .038882
 .002663 .044271
 .003827 .031120
 .002962 .027282
 .002958 .057283
 .003011 .032112
 .001779 .024836
 .001873 .023459
 .001685 .034005
 .003715 .031457
 .003026 .029753
 .001735 .039404
 .006798 .051930
 -.001980 .053446
 .004282 .030301
 .001844 .036916
 .002172 .034228
 .003846 .031096
 .004810 .026663
 .002974 .032287
 .004388 .025808
 .005542 .040333
 .002131 .038989
 .000093 .038697
 .001981 .030158
 .002033 .034605
 .001201 .034125
 .003430 .034414
 .002417 .027905
 .003755 .031047
 .002229 .030538
 -.000007 .033240
 .008756 .055415
 .001523 .038701
 .004564 .033674
 .002693 .023486
 .002849 .040975
 .003666 .030320
 .002886 .038673
 .002878 .023091
 .008574 .049134
 .005633 .040146
 .002437 .028444
 .003147 .023263
 .000735 .033314
 .002223 .024513
 .002047 .029182
 .002622 .046134
 .002713 .028676
 .001749 .028967
 .003360 .030285
 .002897 .031839
 .003675 .032958
 .004583 .043893
 .002925 .046462
 .004385 .044407
 .001591 .035672
 .003445 .029955
 .000518 .056889
 .004006 .039051
 .001379 .020968
 -.000308 .025748
 .002747 .040988
 .001893 .026762
 .004311 .035401
 .004269 .041560
 .001310 .022044
 .004650 .063823
 .002525 .030474
 -.000489 .046746
 .002838 .029363
 -.000622 .048688
 .001854 .030789
 .003104 .034824
 .004721 .045173
 -.001458 .059001
 -.001270 .032830
 .004254 .034904
 .000954 .030980
 .003159 .030427
 .009195 .054210
 .003540 .033199
 -.000688 .049740
 .004604 .033362
 .004107 .026424
 .002829 .032601
 .003035 .035213
 .007162 .038062
 .001378 .024374
 .003213 .032567
 .001773 .031792
 .005153 .041080
 .001901 .040489
 .003310 .030856
 .003434 .025065
 .001369 .030689
 .001426 .042859
 1 1 1.000000
 1 2 .117877
 1 3 .129786
 1 4 .199040
 1 5 .014643
 1 6 .050350
 1 7 .297806
 1 8 .124518
 1 9 .220040
 1 10 .112165
 1 11 .149184
 1 12 .139770
 1 13 .102410
 1 14 .127817
 1 15 .122314
 1 16 .169729
 1 17 .062875
 1 18 -.007276
 1 19 .085738
 1 20 .190298
 1 21 .005951
 1 22 .186172
 1 23 .119166
 1 24 .239276
 1 25 .132936
 1 26 .161924
 1 27 .283640
 1 28 .160434
 1 29 .048835
 1 30 -.039874
 1 31 .073391
 1 32 .237690
 1 33 .138460
 1 34 .061215
 1 35 .221064
 1 36 .087759
 1 37 .090555
 1 38 .077558
 1 39 .007536
 1 40 .190876
 1 41 .061925
 1 42 .128498
 1 43 .269369
 1 44 .222694
 1 45 .133525
 1 46 .136799
 1 47 .133377
 1 48 .082491
 1 49 .149189
 1 50 .119297
 1 51 .196113
 1 52 .035272
 1 53 .022251
 1 54 .174944
 1 55 .122955
 1 56 .029811
 1 57 .073711
 1 58 .042986
 1 59 .244443
 1 60 .119725
 1 61 .071618
 1 62 .088214
 1 63 -.029758
 1 64 .125716
 1 65 .041252
 1 66 .156687
 1 67 .165492
 1 68 -.020057
 1 69 .171659
 1 70 .153575
 1 71 .148999
 1 72 .126553
 1 73 .175187
 1 74 .120169
 1 75 .200142
 1 76 .057946
 1 77 .110478
 1 78 .054034
 1 79 .171645
 1 80 .149798
 1 81 .106326
 1 82 .118303
 1 83 .039591
 1 84 .233897
 1 85 .167571
 1 86 .172373
 1 87 .111605
 1 88 .287102
 1 89 .147183
 1 90 .118262
 1 91 .121157
 1 92 .060589
 1 93 .145435
 1 94 .259586
 1 95 .206088
 1 96 .160263
 1 97 .294957
 1 98 .238029
 2 2 1.000000
 2 3 .225722
 2 4 .104038
 2 5 .130755
 2 6 .105829
 2 7 .201112
 2 8 .128203
 2 9 .176488
 2 10 .178137
 2 11 .261701
 2 12 .142492
 2 13 .089763
 2 14 .452794
 2 15 .093986
 2 16 .159417
 2 17 .210734
 2 18 .171774
 2 19 .162126
 2 20 .198579
 2 21 .159381
 2 22 .180342
 2 23 .089845
 2 24 .090281
 2 25 .057638
 2 26 .243014
 2 27 .165680
 2 28 .087958
 2 29 .213272
 2 30 .195488
 2 31 .159680
 2 32 .151449
 2 33 .225241
 2 34 .326768
 2 35 .243206
 2 36 .060041
 2 37 .112915
 2 38 .263028
 2 39 .153049
 2 40 .078800
 2 41 .109860
 2 42 .491337
 2 43 .256140
 2 44 .085587
 2 45 .102630
 2 46 .161904
 2 47 .139383
 2 48 .030096
 2 49 .140607
 2 50 .061617
 2 51 .133236
 2 52 .195863
 2 53 .292793
 2 54 .183905
 2 55 .361984
 2 56 .028894
 2 57 .226966
 2 58 .155365
 2 59 .129877
 2 60 .093062
 2 61 .199428
 2 62 -.009260
 2 63 .042251
 2 64 .219839
 2 65 .075548
 2 66 .135393
 2 67 .154787
 2 68 -.009008
 2 69 .372945
 2 70 .295928
 2 71 .124709
 2 72 .129435
 2 73 -.047024
 2 74 .113207
 2 75 .130256
 2 76 .034766
 2 77 .254757
 2 78 .113695
 2 79 .197741
 2 80 .112104
 2 81 .169376
 2 82 .314669
 2 83 .042643
 2 84 .069960
 2 85 .188796
 2 86 .195197
 2 87 .289310
 2 88 .120497
 2 89 .092056
 2 90 .243965
 2 91 .015300
 2 92 .092074
 2 93 .160877
 2 94 .092059
 2 95 .169910
 2 96 .154526
 2 97 .142381
 2 98 .177566
 3 3 1.000000
 3 4 .108422
 3 5 .221394
 3 6 .023548
 3 7 .199253
 3 8 .208820
 3 9 .265038
 3 10 .159942
 3 11 .215763
 3 12 .162040
 3 13 .070226
 3 14 .181778
 3 15 .052122
 3 16 .196927
 3 17 .222105
 3 18 .332753
 3 19 .151223
 3 20 .228581
 3 21 .192577
 3 22 .315730
 3 23 .157035
 3 24 .224394
 3 25 .086003
 3 26 .190456
 3 27 .081956
 3 28 .176358
 3 29 .169692
 3 30 .320786
 3 31 .351099
 3 32 .194226
 3 33 .183665
 3 34 .093359
 3 35 .097707
 3 36 .150314
 3 37 .176587
 3 38 .205655
 3 39 .329535
 3 40 .203881
 3 41 .269541
 3 42 .159705
 3 43 .245259
 3 44 .115664
 3 45 .280618
 3 46 .224614
 3 47 .200830
 3 48 .124541
 3 49 .142098
 3 50 .141219
 3 51 .152297
 3 52 .252658
 3 53 .332334
 3 54 .215491
 3 55 .163370
 3 56 .109401
 3 57 .082750
 3 58 .257416
 3 59 .228396
 3 60 .079811
 3 61 .169931
 3 62 .142183
 3 63 .117263
 3 64 .003617
 3 65 .281770
 3 66 .167724
 3 67 .187652
 3 68 .095665
 3 69 .120042
 3 70 .275133
 3 71 .065341
 3 72 .233126
 3 73 .022338
 3 74 .146724
 3 75 .108168
 3 76 .098530
 3 77 .152315
 3 78 .096666
 3 79 .141775
 3 80 .169032
 3 81 .135196
 3 82 .158394
 3 83 .130593
 3 84 .067856
 3 85 .207375
 3 86 .205849
 3 87 .170307
 3 88 .113001
 3 89 .153648
 3 90 .208834
 3 91 .174300
 3 92 .235855
 3 93 .168339
 3 94 .158524
 3 95 .148602
 3 96 .168209
 3 97 .160968
 3 98 .150339
 4 4 1.000000
 4 5 .197681
 4 6 .101061
 4 7 .226780
 4 8 .169556
 4 9 .216869
 4 10 .142878
 4 11 .191541
 4 12 .201594
 4 13 .097056
 4 14 .101531
 4 15 .106665
 4 16 .230679
 4 17 .139199
 4 18 .140486
 4 19 .170629
 4 20 .303627
 4 21 .195057
 4 22 .308528
 4 23 .161357
 4 24 .116148
 4 25 .205099
 4 26 .212357
 4 27 .290848
 4 28 .214373
 4 29 .157141
 4 30 .138742
 4 31 .188351
 4 32 .221663
 4 33 .053822
 4 34 .166459
 4 35 .157195
 4 36 .145180
 4 37 .198814
 4 38 .063541
 4 39 .170277
 4 40 .190997
 4 41 .141892
 4 42 .130965
 4 43 .314583
 4 44 .240496
 4 45 .117989
 4 46 .181728
 4 47 .217917
 4 48 .232831
 4 49 .147557
 4 50 .219162
 4 51 .199676
 4 52 .110497
 4 53 .140164
 4 54 .151899
 4 55 .187727
 4 56 .123777
 4 57 .113157
 4 58 .138414
 4 59 .270741
 4 60 .159888
 4 61 .237498
 4 62 .144800
 4 63 .162595
 4 64 .003345
 4 65 .112620
 4 66 .200827
 4 67 .219465
 4 68 .136436
 4 69 .066086
 4 70 .171247
 4 71 .119984
 4 72 .141289
 4 73 -.044501
 4 74 .209777
 4 75 .152361
 4 76 .065048
 4 77 .152814
 4 78 .123347
 4 79 .224514
 4 80 .122143
 4 81 .194972
 4 82 .185028
 4 83 .116753
 4 84 .143370
 4 85 .195214
 4 86 .230482
 4 87 .166540
 4 88 .247995
 4 89 .186047
 4 90 .237979
 4 91 .151025
 4 92 .042476
 4 93 .168240
 4 94 .169976
 4 95 .226086
 4 96 .217134
 4 97 .220596
 4 98 .169950
 5 5 1.000000
 5 6 .172636
 5 7 .076894
 5 8 .118814
 5 9 .170637
 5 10 .107004
 5 11 .121481
 5 12 .262730
 5 13 .072906
 5 14 .135491
 5 15 -.048469
 5 16 .152919
 5 17 .039746
 5 18 .216865
 5 19 .236458
 5 20 .268016
 5 21 .332384
 5 22 .313850
 5 23 .181979
 5 24 .027447
 5 25 .192442
 5 26 .179662
 5 27 .135680
 5 28 .086069
 5 29 .278953
 5 30 .250692
 5 31 .377145
 5 32 .214218
 5 33 .067480
 5 34 .055906
 5 35 .076611
 5 36 .087854
 5 37 .181131
 5 38 .157749
 5 39 .364502
 5 40 .171545
 5 41 .198499
 5 42 .148875
 5 43 .284727
 5 44 .244874
 5 45 .221426
 5 46 .159403
 5 47 .121124
 5 48 .268485
 5 49 .156544
 5 50 .302944
 5 51 .041290
 5 52 .224047
 5 53 .286885
 5 54 .116989
 5 55 .176490
 5 56 .058450
 5 57 .096792
 5 58 .184392
 5 59 .142925
 5 60 .094222
 5 61 .109090
 5 62 .226076
 5 63 .110277
 5 64 .017496
 5 65 .289886
 5 66 .146450
 5 67 .175652
 5 68 .205939
 5 69 .055483
 5 70 .245035
 5 71 .057791
 5 72 .083287
 5 73 -.092238
 5 74 .206554
 5 75 .056486
 5 76 .066904
 5 77 .103527
 5 78 .206664
 5 79 .175898
 5 80 .075114
 5 81 .190955
 5 82 .140553
 5 83 .079607
 5 84 -.054783
 5 85 .179905
 5 86 .153211
 5 87 .214728
 5 88 -.013973
 5 89 .248645
 5 90 .218495
 5 91 .176243
 5 92 .283905
 5 93 .117198
 5 94 -.083912
 5 95 .201858
 5 96 .215847
 5 97 .037919
 5 98 .187714
 6 6 1.000000
 6 7 .057623
 6 8 .029053
 6 9 .099362
 6 10 .083725
 6 11 .060759
 6 12 .156617
 6 13 .127374
 6 14 .223675
 6 15 .070016
 6 16 .057305
 6 17 .084982
 6 18 -.001022
 6 19 .188059
 6 20 .101984
 6 21 .145825
 6 22 .117842
 6 23 .185067
 6 24 .153531
 6 25 .145417
 6 26 .164980
 6 27 .050033
 6 28 .208524
 6 29 .234393
 6 30 .010306
 6 31 .207656
 6 32 .177796
 6 33 -.015420
 6 34 .168641
 6 35 .135066
 6 36 .059596
 6 37 .037405
 6 38 -.014246
 6 39 .023043
 6 40 .144343
 6 41 .080725
 6 42 .148806
 6 43 .193649
 6 44 .257305
 6 45 .105913
 6 46 .001393
 6 47 .142172
 6 48 .086026
 6 49 .282269
 6 50 .011888
 6 51 .092311
 6 52 .156022
 6 53 .098219
 6 54 .092585
 6 55 .120568
 6 56 -.011947
 6 57 .017400
 6 58 .186180
 6 59 .076574
 6 60 .161269
 6 61 .106605
 6 62 .036091
 6 63 .033261
 6 64 .069621
 6 65 .080103
 6 66 .125892
 6 67 .087405
 6 68 -.012141
 6 69 .243313
 6 70 .157540
 6 71 .219037
 6 72 .051690
 6 73 .012805
 6 74 .208438
 6 75 .175121
 6 76 -.046470
 6 77 .190456
 6 78 .017677
 6 79 .128411
 6 80 .031766
 6 81 .075135
 6 82 .177335
 6 83 -.007320
 6 84 .161411
 6 85 .217309
 6 86 .138246
 6 87 .095759
 6 88 -.034964
 6 89 .135952
 6 90 .104971
 6 91 .012528
 6 92 .094826
 6 93 .173533
 6 94 .044465
 6 95 .137528
 6 96 .133208
 6 97 .022681
 6 98 .004193
 7 7 1.000000
 7 8 .150027
 7 9 .274479
 7 10 .118058
 7 11 .213508
 7 12 .085759
 7 13 .159853
 7 14 .210854
 7 15 .150770
 7 16 .229336
 7 17 .180620
 7 18 .045915
 7 19 .147564
 7 20 .210867
 7 21 .042845
 7 22 .238737
 7 23 .171347
 7 24 .324027
 7 25 .180743
 7 26 .254048
 7 27 .413746
 7 28 .202001
 7 29 .253171
 7 30 .044004
 7 31 .141775
 7 32 .274788
 7 33 .112449
 7 34 .165382
 7 35 .292311
 7 36 .106940
 7 37 .133719
 7 38 .252140
 7 39 .160672
 7 40 .234586
 7 41 .147947
 7 42 .133073
 7 43 .217024
 7 44 .288506
 7 45 .129054
 7 46 .279268
 7 47 .228381
 7 48 -.008703
 7 49 .164897
 7 50 .079589
 7 51 .395843
 7 52 .172048
 7 53 .039657
 7 54 .229709
 7 55 .180301
 7 56 .171533
 7 57 .112077
 7 58 .153744
 7 59 .376949
 7 60 .159278
 7 61 .222803
 7 62 .060017
 7 63 .091602
 7 64 .113185
 7 65 .072650
 7 66 .297813
 7 67 .191442
 7 68 -.013818
 7 69 .172789
 7 70 .179425
 7 71 .199925
 7 72 .143139
 7 73 .169665
 7 74 .104559
 7 75 .229351
 7 76 .151701
 7 77 .150996
 7 78 .005879
 7 79 .191782
 7 80 .217919
 7 81 .146226
 7 82 .196714
 7 83 .166100
 7 84 .315082
 7 85 .209412
 7 86 .267309
 7 87 .291649
 7 88 .377843
 7 89 .191291
 7 90 .106329
 7 91 .096524
 7 92 .116709
 7 93 .265023
 7 94 .380204
 7 95 .168560
 7 96 .158127
 7 97 .491175
 7 98 .179507
 8 8 1.000000
 8 9 .221525
 8 10 .167947
 8 11 .008576
 8 12 .183009
 8 13 .097860
 8 14 -.008769
 8 15 .119973
 8 16 .284698
 8 17 .229295
 8 18 .138412
 8 19 .096089
 8 20 .276427
 8 21 .176040
 8 22 .297009
 8 23 .094385
 8 24 .153612
 8 25 .058167
 8 26 .159249
 8 27 .146202
 8 28 .197770
 8 29 .171594
 8 30 .224468
 8 31 .061050
 8 32 .151978
 8 33 -.003721
 8 34 .004270
 8 35 .186157
 8 36 .223745
 8 37 .553816
 8 38 .075579
 8 39 .151133
 8 40 .126031
 8 41 .597748
 8 42 .059307
 8 43 .214284
 8 44 .076329
 8 45 .568225
 8 46 .081951
 8 47 .155063
 8 48 .245860
 8 49 .053353
 8 50 .265618
 8 51 .147542
 8 52 .220271
 8 53 .212322
 8 54 .175196
 8 55 .054167
 8 56 .451192
 8 57 .137804
 8 58 .170326
 8 59 .303866
 8 60 .052511
 8 61 .104901
 8 62 .108840
 8 63 .145147
 8 64 .035343
 8 65 .153797
 8 66 .159808
 8 67 .210688
 8 68 .234236
 8 69 .091201
 8 70 .184579
 8 71 .012626
 8 72 .112974
 8 73 .065455
 8 74 .227683
 8 75 .117356
 8 76 .456988
 8 77 -.015728
 8 78 .153572
 8 79 .188065
 8 80 .414140
 8 81 .326021
 8 82 .095577
 8 83 .478595
 8 84 .030772
 8 85 .220568
 8 86 .201538
 8 87 .133049
 8 88 .097321
 8 89 .140796
 8 90 .201639
 8 91 .452598
 8 92 .086916
 8 93 .154182
 8 94 .134640
 8 95 .203698
 8 96 .123017
 8 97 .111357
 8 98 .148662
 9 9 1.000000
 9 10 .144656
 9 11 .193993
 9 12 .163904
 9 13 .116561
 9 14 .159535
 9 15 .066214
 9 16 .295617
 9 17 .136212
 9 18 .187049
 9 19 .144677
 9 20 .281403
 9 21 .179366
 9 22 .436331
 9 23 .194904
 9 24 .273839
 9 25 .176534
 9 26 .312948
 9 27 .367342
 9 28 .229089
 9 29 .217165
 9 30 .239487
 9 31 .333319
 9 32 .328670
 9 33 .092690
 9 34 .053312
 9 35 .230078
 9 36 .214932
 9 37 .347942
 9 38 .065823
 9 39 .253335
 9 40 .293662
 9 41 .302145
 9 42 .079237
 9 43 .347138
 9 44 .197063
 9 45 .315610
 9 46 .320809
 9 47 .286110
 9 48 .169586
 9 49 .224890
 9 50 .245630
 9 51 .241403
 9 52 .304787
 9 53 .253485
 9 54 .250824
 9 55 .152646
 9 56 .266616
 9 57 .181012
 9 58 .310103
 9 59 .405597
 9 60 .084560
 9 61 .274466
 9 62 .234944
 9 63 .255898
 9 64 .054450
 9 65 .240836
 9 66 .126519
 9 67 .144976
 9 68 .265045
 9 69 .066285
 9 70 .221149
 9 71 .213775
 9 72 .287813
 9 73 -.017600
 9 74 .217686
 9 75 .298372
 9 76 .201794
 9 77 .069162
 9 78 .144826
 9 79 .249342
 9 80 .290018
 9 81 .230519
 9 82 .152499
 9 83 .265986
 9 84 .191060
 9 85 .237089
 9 86 .274859
 9 87 .515599
 9 88 .289913
 9 89 .166812
 9 90 .278620
 9 91 .285613
 9 92 .180332
 9 93 .310394
 9 94 .323215
 9 95 .243857
 9 96 .234786
 9 97 .341149
 9 98 .269545
 10 10 1.000000
 10 11 .204278
 10 12 .151712
 10 13 .041718
 10 14 .123595
 10 15 .076779
 10 16 .198758
 10 17 .219630
 10 18 .044418
 10 19 .142263
 10 20 .252251
 10 21 .114784
 10 22 .224276
 10 23 .109144
 10 24 .136223
 10 25 .038497
 10 26 .185876
 10 27 .077536
 10 28 .063934
 10 29 .207248
 10 30 .113101
 10 31 .141499
 10 32 .206306
 10 33 .032958
 10 34 .125170
 10 35 .179451
 10 36 .221037
 10 37 .224481
 10 38 .094232
 10 39 .196446
 10 40 .155034
 10 41 .130734
 10 42 .196605
 10 43 .226109
 10 44 .113892
 10 45 .199333
 10 46 .185811
 10 47 .243581
 10 48 .180623
 10 49 .198203
 10 50 .172802
 10 51 .025980
 10 52 .203436
 10 53 .181576
 10 54 .189811
 10 55 .065750
 10 56 .126677
 10 57 .068983
 10 58 .103978
 10 59 .164479
 10 60 .120782
 10 61 .061443
 10 62 -.000503
 10 63 .124246
 10 64 -.007752
 10 65 .150392
 10 66 .181985
 10 67 .129847
 10 68 .054658
 10 69 .129793
 10 70 .152870
 10 71 .060418
 10 72 .037056
 10 73 .005383
 10 74 .074160
 10 75 .152621
 10 76 .109327
 10 77 .281857
 10 78 .083352
 10 79 .213416
 10 80 .214653
 10 81 .225868
 10 82 .184719
 10 83 .140862
 10 84 .055726
 10 85 .222403
 10 86 .203515
 10 87 .196479
 10 88 .015483
 10 89 .188096
 10 90 .205496
 10 91 .176613
 10 92 .079666
 10 93 .147098
 10 94 .066837
 10 95 .215311
 10 96 .079830
 10 97 .083018
 10 98 .059454
 11 11 1.000000
 11 12 .145761
 11 13 .126726
 11 14 .235657
 11 15 .150616
 11 16 .185337
 11 17 .086749
 11 18 .046947
 11 19 .159234
 11 20 .208072
 11 21 .075094
 11 22 .199414
 11 23 .093787
 11 24 .136583
 11 25 .050660
 11 26 .326391
 11 27 .212752
 11 28 .118734
 11 29 .304338
 11 30 .105071
 11 31 .216353
 11 32 .268306
 11 33 .087953
 11 34 .137693
 11 35 .152269
 11 36 .123081
 11 37 .069439
 11 38 .170662
 11 39 .235409
 11 40 .180279
 11 41 .158722
 11 42 .130505
 11 43 .338656
 11 44 .138175
 11 45 .094862
 11 46 .186200
 11 47 .233141
 11 48 .064519
 11 49 .229397
 11 50 .085981
 11 51 .152471
 11 52 .195594
 11 53 .122418
 11 54 .146631
 11 55 .239413
 11 56 .042278
 11 57 .227343
 11 58 .134185
 11 59 .213615
 11 60 .188506
 11 61 .152316
 11 62 .024072
 11 63 .111160
 11 64 .126766
 11 65 .081602
 11 66 .138555
 11 67 .119581
 11 68 .066201
 11 69 .197118
 11 70 .145669
 11 71 .051470
 11 72 .137323
 11 73 .036446
 11 74 .112665
 11 75 .189360
 11 76 .006829
 11 77 .244831
 11 78 .122941
 11 79 .133715
 11 80 .152936
 11 81 .124592
 11 82 .210359
 11 83 .116936
 11 84 .080680
 11 85 .212230
 11 86 .134214
 11 87 .265914
 11 88 .196181
 11 89 .087811
 11 90 .226762
 11 91 .103929
 11 92 .007966
 11 93 .105762
 11 94 .211403
 11 95 .152510
 11 96 .058640
 11 97 .200485
 11 98 .200047
 12 12 1.000000
 12 13 .147365
 12 14 .195560
 12 15 .038681
 12 16 .222060
 12 17 .110605
 12 18 .176581
 12 19 .175941
 12 20 .271362
 12 21 .117702
 12 22 .315198
 12 23 .215385
 12 24 .124774
 12 25 .122304
 12 26 .197807
 12 27 .147565
 12 28 .068453
 12 29 .128109
 12 30 .288576
 12 31 .177086
 12 32 .325867
 12 33 .010029
 12 34 .083774
 12 35 .084341
 12 36 .103228
 12 37 .251067
 12 38 .072804
 12 39 .162127
 12 40 .214051
 12 41 .243628
 12 42 .232060
 12 43 .293519
 12 44 .186592
 12 45 .216671
 12 46 .234163
 12 47 .200028
 12 48 .177763
 12 49 .151298
 12 50 .273782
 12 51 .049383
 12 52 .226111
 12 53 .248759
 12 54 .224686
 12 55 .196898
 12 56 .206670
 12 57 .194555
 12 58 .208144
 12 59 .291087
 12 60 .116203
 12 61 .150212
 12 62 .170107
 12 63 .158509
 12 64 -.009058
 12 65 .140196
 12 66 .214325
 12 67 .114374
 12 68 .199818
 12 69 .148972
 12 70 .152801
 12 71 -.017678
 12 72 .280074
 12 73 -.026719
 12 74 .103080
 12 75 .099033
 12 76 .220979
 12 77 .104368
 12 78 .133249
 12 79 .290332
 12 80 .143221
 12 81 .235053
 12 82 .180842
 12 83 .195440
 12 84 -.037622
 12 85 .171726
 12 86 .313162
 12 87 .187508
 12 88 .041599
 12 89 .233877
 12 90 .244847
 12 91 .196847
 12 92 .161706
 12 93 .150718
 12 94 -.008435
 12 95 .279383
 12 96 .250863
 12 97 .055626
 12 98 .126812
 13 13 1.000000
 13 14 .054288
 13 15 .083842
 13 16 .162959
 13 17 .119623
 13 18 .043680
 13 19 .170288
 13 20 .235031
 13 21 .150742
 13 22 .224729
 13 23 .063268
 13 24 .120958
 13 25 .107069
 13 26 .049159
 13 27 .079912
 13 28 .059805
 13 29 .087204
 13 30 .143392
 13 31 .123092
 13 32 .240346
 13 33 .022030
 13 34 .110230
 13 35 .097245
 13 36 .145381
 13 37 .093623
 13 38 .081754
 13 39 .140669
 13 40 .172808
 13 41 .220382
 13 42 .053244
 13 43 .173449
 13 44 .085655
 13 45 .087895
 13 46 .040297
 13 47 .147964
 13 48 .246592
 13 49 .087537
 13 50 .204980
 13 51 .030864
 13 52 .035691
 13 53 .036058
 13 54 .092621
 13 55 .044764
 13 56 .019402
 13 57 .080757
 13 58 .110314
 13 59 .134998
 13 60 .065619
 13 61 .138278
 13 62 .180994
 13 63 .231709
 13 64 .089518
 13 65 .086442
 13 66 .107594
 13 67 .077406
 13 68 .223723
 13 69 .029679
 13 70 .124432
 13 71 .099641
 13 72 .168004
 13 73 -.015096
 13 74 .261979
 13 75 .100361
 13 76 .016690
 13 77 .048992
 13 78 .067539
 13 79 .166143
 13 80 .150846
 13 81 .115274
 13 82 .167132
 13 83 .094157
 13 84 .097821
 13 85 .232652
 13 86 .074310
 13 87 .068891
 13 88 .141196
 13 89 .146346
 13 90 .184255
 13 91 .145750
 13 92 .114023
 13 93 .140194
 13 94 .068043
 13 95 .075732
 13 96 .148349
 13 97 .085795
 13 98 .031929
 14 14 1.000000
 14 15 .073340
 14 16 .118093
 14 17 .108757
 14 18 .144195
 14 19 .303220
 14 20 .148731
 14 21 .077311
 14 22 .191234
 14 23 .075005
 14 24 .208378
 14 25 .110453
 14 26 .397148
 14 27 .177064
 14 28 .117970
 14 29 .342641
 14 30 .075138
 14 31 .090271
 14 32 .150929
 14 33 .134517
 14 34 .371643
 14 35 .306592
 14 36 .106863
 14 37 -.013127
 14 38 .236343
 14 39 .083294
 14 40 .217028
 14 41 -.013797
 14 42 .590396
 14 43 .312839
 14 44 .251267
 14 45 .026849
 14 46 .234521
 14 47 .108433
 14 48 -.064645
 14 49 .125651
 14 50 .014819
 14 51 .179856
 14 52 .102918
 14 53 .092857
 14 54 .160935
 14 55 .481159
 14 56 .007712
 14 57 .275049
 14 58 .138195
 14 59 .101534
 14 60 .204358
 14 61 .205977
 14 62 -.046431
 14 63 .010750
 14 64 .176380
 14 65 .002583
 14 66 .172334
 14 67 .174853
 14 68 -.075787
 14 69 .605204
 14 70 .217457
 14 71 .107030
 14 72 .116994
 14 73 -.034947
 14 74 .159326
 14 75 .206034
 14 76 .010306
 14 77 .325467
 14 78 .064690
 14 79 .139015
 14 80 .087853
 14 81 .169829
 14 82 .434160
 14 83 .033598
 14 84 .058691
 14 85 .191299
 14 86 .176685
 14 87 .252661
 14 88 .095128
 14 89 .177514
 14 90 .113869
 14 91 .053010
 14 92 .058462
 14 93 .191538
 14 94 .145872
 14 95 .165944
 14 96 .126935
 14 97 .178259
 14 98 .143272
 15 15 1.000000
 15 16 .108638
 15 17 .054508
 15 18 -.052256
 15 19 .081169
 15 20 .058810
 15 21 .051662
 15 22 .038576
 15 23 .023195
 15 24 .115308
 15 25 .261545
 15 26 .184162
 15 27 .190252
 15 28 .274840
 15 29 .010905
 15 30 .049043
 15 31 .011292
 15 32 .122496
 15 33 .030693
 15 34 -.041879
 15 35 .083166
 15 36 .061654
 15 37 .090688
 15 38 -.009013
 15 39 .021702
 15 40 .116240
 15 41 .086769
 15 42 .102209
 15 43 .111252
 15 44 .254029
 15 45 .057221
 15 46 .053471
 15 47 .155664
 15 48 .045492
 15 49 .033077
 15 50 .065116
 15 51 .180835
 15 52 .093209
 15 53 .078396
 15 54 .203850
 15 55 .109654
 15 56 .083082
 15 57 .021740
 15 58 .105087
 15 59 .131225
 15 60 .177786
 15 61 .137492
 15 62 .001455
 15 63 .010759
 15 64 .174978
 15 65 .077587
 15 66 .200108
 15 67 .039877
 15 68 .008294
 15 69 .047834
 15 70 .122440
 15 71 .173477
 15 72 .011942
 15 73 .005495
 15 74 .077791
 15 75 .149374
 15 76 .076042
 15 77 -.032779
 15 78 .033360
 15 79 .127151
 15 80 .233888
 15 81 .003074
 15 82 .030185
 15 83 .142178
 15 84 .098927
 15 85 .141505
 15 86 .089017
 15 87 .130259
 15 88 .226384
 15 89 .107500
 15 90 .101549
 15 91 .143516
 15 92 .062142
 15 93 .111701
 15 94 .231982
 15 95 .058622
 15 96 -.041940
 15 97 .166666
 15 98 .150308
 16 16 1.000000
 16 17 .168145
 16 18 .139678
 16 19 .140327
 16 20 .468848
 16 21 .236656
 16 22 .392364
 16 23 .312317
 16 24 .153872
 16 25 .130029
 16 26 .236665
 16 27 .122578
 16 28 .225472
 16 29 .264878
 16 30 .213749
 16 31 .232163
 16 32 .271102
 16 33 .066443
 16 34 .091217
 16 35 .234248
 16 36 .161716
 16 37 .207711
 16 38 .137447
 16 39 .198705
 16 40 .229837
 16 41 .234855
 16 42 .129920
 16 43 .405936
 16 44 .183267
 16 45 .246869
 16 46 .238609
 16 47 .195373
 16 48 .225446
 16 49 .201852
 16 50 .252376
 16 51 .124394
 16 52 .195260
 16 53 .181820
 16 54 .201801
 16 55 .077712
 16 56 .211917
 16 57 .167314
 16 58 .245741
 16 59 .273472
 16 60 .169987
 16 61 .290029
 16 62 .183687
 16 63 .222366
 16 64 .082755
 16 65 .114568
 16 66 .242561
 16 67 .236502
 16 68 .213297
 16 69 .112402
 16 70 .247246
 16 71 .111753
 16 72 .176609
 16 73 .041277
 16 74 .210053
 16 75 .153378
 16 76 .199695
 16 77 .119686
 16 78 .250611
 16 79 .364266
 16 80 .189752
 16 81 .400132
 16 82 .199921
 16 83 .248295
 16 84 .058586
 16 85 .290492
 16 86 .325452
 16 87 .244182
 16 88 .065756
 16 89 .363245
 16 90 .303527
 16 91 .213711
 16 92 .142398
 16 93 .152961
 16 94 .107232
 16 95 .303740
 16 96 .215142
 16 97 .194492
 16 98 .139105
 17 17 1.000000
 17 18 .150094
 17 19 .077685
 17 20 .234260
 17 21 .158261
 17 22 .259062
 17 23 .085217
 17 24 .173470
 17 25 .122004
 17 26 .201434
 17 27 .076897
 17 28 .216302
 17 29 .179347
 17 30 .240703
 17 31 .156889
 17 32 .157340
 17 33 .100949
 17 34 .094829
 17 35 .187882
 17 36 .216674
 17 37 .121340
 17 38 .160880
 17 39 .179423
 17 40 .175914
 17 41 .216613
 17 42 .053820
 17 43 .170391
 17 44 .151979
 17 45 .250961
 17 46 .165086
 17 47 .209538
 17 48 .181126
 17 49 .179388
 17 50 .168078
 17 51 .193798
 17 52 .081377
 17 53 .217400
 17 54 .187070
 17 55 .006245
 17 56 .134703
 17 57 .062729
 17 58 .165844
 17 59 .189267
 17 60 .014956
 17 61 .070956
 17 62 .102804
 17 63 .174687
 17 64 -.020249
 17 65 .102942
 17 66 .143405
 17 67 .181284
 17 68 .129430
 17 69 .101594
 17 70 .154142
 17 71 .024881
 17 72 .087101
 17 73 .085675
 17 74 .142614
 17 75 .068174
 17 76 .141052
 17 77 .098425
 17 78 .167757
 17 79 .147815
 17 80 .047650
 17 81 .135070
 17 82 .118705
 17 83 .141127
 17 84 .170982
 17 85 .201930
 17 86 .185034
 17 87 .044086
 17 88 .183776
 17 89 .068548
 17 90 .256506
 17 91 .107636
 17 92 .142004
 17 93 .096199
 17 94 .121745
 17 95 .136700
 17 96 .057498
 17 97 .221725
 17 98 .115704
 18 18 1.000000
 18 19 .082762
 18 20 .228381
 18 21 .279867
 18 22 .317880
 18 23 .317943
 18 24 .103627
 18 25 .113506
 18 26 .062174
 18 27 .018159
 18 28 .076161
 18 29 .184516
 18 30 .626276
 18 31 .322008
 18 32 .116089
 18 33 .214336
 18 34 .109904
 18 35 .068413
 18 36 -.027930
 18 37 .094406
 18 38 .220806
 18 39 .439286
 18 40 .139951
 18 41 .184353
 18 42 .122900
 18 43 .283171
 18 44 .056275
 18 45 .136718
 18 46 .113636
 18 47 .097765
 18 48 .127562
 18 49 .251968
 18 50 .162326
 18 51 .055032
 18 52 .246213
 18 53 .609295
 18 54 .123414
 18 55 .128905
 18 56 .112013
 18 57 .074424
 18 58 .468853
 18 59 .170204
 18 60 .017589
 18 61 .130258
 18 62 .168285
 18 63 .151005
 18 64 .073216
 18 65 .312560
 18 66 .106852
 18 67 .181655
 18 68 .172363
 18 69 .070733
 18 70 .261558
 18 71 .061388
 18 72 .152096
 18 73 -.064345
 18 74 .125366
 18 75 -.025972
 18 76 .064480
 18 77 .016274
 18 78 .066666
 18 79 .267840
 18 80 .091738
 18 81 .314807
 18 82 .181987
 18 83 .099472
 18 84 -.022833
 18 85 .219678
 18 86 .208586
 18 87 .149370
 18 88 .045373
 18 89 .200149
 18 90 .255830
 18 91 .126224
 18 92 .339980
 18 93 .093180
 18 94 .014887
 18 95 .177306
 18 96 .261618
 18 97 .047879
 18 98 .050502
 19 19 1.000000
 19 20 .210833
 19 21 .168319
 19 22 .246777
 19 23 .095539
 19 24 .183783
 19 25 .042593
 19 26 .262602
 19 27 .183505
 19 28 .026075
 19 29 .126137
 19 30 .078922
 19 31 .160319
 19 32 .229043
 19 33 .128024
 19 34 .236021
 19 35 .234154
 19 36 .074096
 19 37 .121521
 19 38 .122671
 19 39 .169053
 19 40 .167953
 19 41 .114273
 19 42 .271445
 19 43 .199979
 19 44 .204507
 19 45 .071689
 19 46 .036725
 19 47 .108366
 19 48 .024656
 19 49 .100259
 19 50 .115980
 19 51 .125731
 19 52 .144459
 19 53 .097576
 19 54 .114780
 19 55 .240029
 19 56 -.006245
 19 57 .251695
 19 58 .069051
 19 59 .128440
 19 60 .153129
 19 61 .224555
 19 62 .040707
 19 63 .069550
 19 64 .076618
 19 65 .125300
 19 66 .096974
 19 67 .171903
 19 68 .045468
 19 69 .302261
 19 70 .169227
 19 71 .087627
 19 72 .133056
 19 73 .007768
 19 74 .095246
 19 75 .171872
 19 76 .008628
 19 77 .133556
 19 78 .148011
 19 79 .102644
 19 80 .104345
 19 81 .061309
 19 82 .294723
 19 83 .006158
 19 84 .112328
 19 85 .182381
 19 86 .186683
 19 87 .150175
 19 88 .076885
 19 89 .099313
 19 90 .060574
 19 91 .129243
 19 92 .143899
 19 93 .216810
 19 94 .111357
 19 95 .145468
 19 96 .170637
 19 97 .109489
 19 98 .186517
 20 20 1.000000
 20 21 .287101
 20 22 .489429
 20 23 .327099
 20 24 .145933
 20 25 .185819
 20 26 .296190
 20 27 .189903
 20 28 .202558
 20 29 .226384
 20 30 .339423
 20 31 .365464
 20 32 .257788
 20 33 .051215
 20 34 .067008
 20 35 .257536
 20 36 .150272
 20 37 .293265
 20 38 .124808
 20 39 .305814
 20 40 .270938
 20 41 .359248
 20 42 .160155
 20 43 .485415
 20 44 .333636
 20 45 .273613
 20 46 .235165
 20 47 .297051
 20 48 .375341
 20 49 .233204
 20 50 .398177
 20 51 .082387
 20 52 .245196
 20 53 .316495
 20 54 .161037
 20 55 .075552
 20 56 .091278
 20 57 .205601
 20 58 .183157
 20 59 .327331
 20 60 .190492
 20 61 .268138
 20 62 .310042
 20 63 .305418
 20 64 .113861
 20 65 .281717
 20 66 .287509
 20 67 .288732
 20 68 .359938
 20 69 .139216
 20 70 .283215
 20 71 .067332
 20 72 .272244
 20 73 -.088107
 20 74 .308011
 20 75 .171725
 20 76 .111871
 20 77 .039505
 20 78 .254921
 20 79 .434534
 20 80 .175023
 20 81 .456601
 20 82 .245967
 20 83 .130407
 20 84 .098550
 20 85 .370330
 20 86 .329800
 20 87 .251491
 20 88 .142937
 20 89 .362861
 20 90 .293282
 20 91 .224372
 20 92 .231816
 20 93 .128432
 20 94 .030862
 20 95 .364693
 20 96 .348824
 20 97 .188872
 20 98 .225337
 21 21 1.000000
 21 22 .322268
 21 23 .181538
 21 24 .114600
 21 25 .143505
 21 26 .090635
 21 27 -.012084
 21 28 .136246
 21 29 .188986
 21 30 .327404
 21 31 .289984
 21 32 .164848
 21 33 .051924
 21 34 .135493
 21 35 .050712
 21 36 .055849
 21 37 .210147
 21 38 .030023
 21 39 .527746
 21 40 .160441
 21 41 .320015
 21 42 .087538
 21 43 .298838
 21 44 .102167
 21 45 .280404
 21 46 .081647
 21 47 .104896
 21 48 .243529
 21 49 .130725
 21 50 .270202
 21 51 .061760
 21 52 .252875
 21 53 .324907
 21 54 .105270
 21 55 .149804
 21 56 .039020
 21 57 .068191
 21 58 .189007
 21 59 .133008
 21 60 .080487
 21 61 .140731
 21 62 .323794
 21 63 .226587
 21 64 -.033474
 21 65 .307228
 21 66 .195915
 21 67 .198997
 21 68 .244850
 21 69 .056537
 21 70 .322401
 21 71 .054385
 21 72 .087482
 21 73 -.012187
 21 74 .333881
 21 75 .077854
 21 76 .061990
 21 77 .153895
 21 78 .200983
 21 79 .223840
 21 80 .108448
 21 81 .257979
 21 82 .178395
 21 83 .056889
 21 84 -.060722
 21 85 .221248
 21 86 .150105
 21 87 .048501
 21 88 -.029601
 21 89 .194388
 21 90 .272305
 21 91 .139549
 21 92 .259360
 21 93 .093066
 21 94 -.104983
 21 95 .165303
 21 96 .149637
 21 97 -.023299
 21 98 .121029
 22 22 1.000000
 22 23 .313168
 22 24 .293858
 22 25 .197564
 22 26 .302133
 22 27 .269938
 22 28 .237217
 22 29 .284853
 22 30 .413148
 22 31 .407861
 22 32 .435676
 22 33 .177763
 22 34 .107178
 22 35 .267649
 22 36 .199202
 22 37 .273385
 22 38 .171219
 22 39 .444287
 22 40 .342937
 22 41 .423183
 22 42 .090544
 22 43 .478108
 22 44 .278529
 22 45 .356482
 22 46 .323925
 22 47 .418228
 22 48 .336094
 22 49 .258692
 22 50 .432371
 22 51 .265443
 22 52 .304882
 22 53 .291649
 22 54 .344744
 22 55 .154507
 22 56 .170111
 22 57 .224535
 22 58 .365332
 22 59 .487241
 22 60 .161206
 22 61 .293906
 22 62 .306965
 22 63 .289629
 22 64 .046509
 22 65 .319134
 22 66 .248718
 22 67 .281068
 22 68 .344343
 22 69 .131422
 22 70 .295413
 22 71 .082003
 22 72 .289161
 22 73 -.032682
 22 74 .275805
 22 75 .266788
 22 76 .106845
 22 77 .070830
 22 78 .171966
 22 79 .442637
 22 80 .238219
 22 81 .391399
 22 82 .305657
 22 83 .206470
 22 84 .087618
 22 85 .368431
 22 86 .371101
 22 87 .380353
 22 88 .184604
 22 89 .309741
 22 90 .392953
 22 91 .296837
 22 92 .356167
 22 93 .249226
 22 94 .167788
 22 95 .436864
 22 96 .333595
 22 97 .289663
 22 98 .220318
 23 23 1.000000
 23 24 .101310
 23 25 .121639
 23 26 .222816
 23 27 .094765
 23 28 .094636
 23 29 .225759
 23 30 .271769
 23 31 .204265
 23 32 .227830
 23 33 .154585
 23 34 .072679
 23 35 .178948
 23 36 .014958
 23 37 .096910
 23 38 .176859
 23 39 .227749
 23 40 .207832
 23 41 .175115
 23 42 .055283
 23 43 .363245
 23 44 .248545
 23 45 .153257
 23 46 .125049
 23 47 .155915
 23 48 .221680
 23 49 .262060
 23 50 .194731
 23 51 .071507
 23 52 .279662
 23 53 .237566
 23 54 .226535
 23 55 .122370
 23 56 .101345
 23 57 .095964
 23 58 .299815
 23 59 .198106
 23 60 .104634
 23 61 .244950
 23 62 .210578
 23 63 .247771
 23 64 .078262
 23 65 .256221
 23 66 .129310
 23 67 .214297
 23 68 .207293
 23 69 .075890
 23 70 .140755
 23 71 .064094
 23 72 .194679
 23 73 -.084461
 23 74 .119169
 23 75 .009033
 23 76 .028282
 23 77 .030235
 23 78 .059643
 23 79 .360127
 23 80 .201638
 23 81 .328982
 23 82 .204578
 23 83 .138649
 23 84 .030049
 23 85 .350990
 23 86 .277607
 23 87 .198689
 23 88 .082371
 23 89 .369206
 23 90 .223387
 23 91 .048793
 23 92 .153142
 23 93 .149793
 23 94 .058300
 23 95 .321781
 23 96 .221845
 23 97 .154998
 23 98 .039639
 24 24 1.000000
 24 25 .062052
 24 26 .204162
 24 27 .272900
 24 28 .185103
 24 29 .075445
 24 30 .062408
 24 31 .071672
 24 32 .200420
 24 33 .079337
 24 34 .175188
 24 35 .248149
 24 36 .117540
 24 37 .150970
 24 38 .093057
 24 39 .065393
 24 40 .276660
 24 41 .134644
 24 42 .174183
 24 43 .280671
 24 44 .175654
 24 45 .145138
 24 46 .313502
 24 47 .228987
 24 48 .030733
 24 49 .164353
 24 50 .090715
 24 51 .275190
 24 52 .110157
 24 53 .049988
 24 54 .121723
 24 55 .193942
 24 56 .073077
 24 57 .134560
 24 58 .085077
 24 59 .233605
 24 60 .164524
 24 61 .153137
 24 62 .169294
 24 63 .052935
 24 64 .082209
 24 65 .001952
 24 66 .255090
 24 67 .134415
 24 68 .069658
 24 69 .131753
 24 70 .161850
 24 71 .144157
 24 72 .127545
 24 73 .060109
 24 74 .189481
 24 75 .663807
 24 76 .024777
 24 77 .106331
 24 78 .124481
 24 79 .251520
 24 80 .192300
 24 81 .134205
 24 82 .192958
 24 83 .107786
 24 84 .326766
 24 85 .252709
 24 86 .277027
 24 87 .238669
 24 88 .221989
 24 89 .170608
 24 90 .083245
 24 91 .180676
 24 92 .017379
 24 93 .542065
 24 94 .265763
 24 95 .142334
 24 96 .141422
 24 97 .250513
 24 98 .181934
 25 25 1.000000
 25 26 .132654
 25 27 .151683
 25 28 .432197
 25 29 .111366
 25 30 .164997
 25 31 .203536
 25 32 .207776
 25 33 .166786
 25 34 .096928
 25 35 .208992
 25 36 .053517
 25 37 .018889
 25 38 .108534
 25 39 .166580
 25 40 .084466
 25 41 .080459
 25 42 .111889
 25 43 .232083
 25 44 .440226
 25 45 .104870
 25 46 .130872
 25 47 .177049
 25 48 .151660
 25 49 .202358
 25 50 .111940
 25 51 .081447
 25 52 .155573
 25 53 .160305
 25 54 .220396
 25 55 .109266
 25 56 .032810
 25 57 .060106
 25 58 .181595
 25 59 .128208
 25 60 .175448
 25 61 .177368
 25 62 .120475
 25 63 .148137
 25 64 .077547
 25 65 .129278
 25 66 .254733
 25 67 .131650
 25 68 .099713
 25 69 .140448
 25 70 .131284
 25 71 .218457
 25 72 .065156
 25 73 .106260
 25 74 .228950
 25 75 .130728
 25 76 .013705
 25 77 .026768
 25 78 .032254
 25 79 .190087
 25 80 .047699
 25 81 .164211
 25 82 .070360
 25 83 .066006
 25 84 .146249
 25 85 .169742
 25 86 .114898
 25 87 .075996
 25 88 .176319
 25 89 .215944
 25 90 .130797
 25 91 .073739
 25 92 .075436
 25 93 .121186
 25 94 .085543
 25 95 .182879
 25 96 .096018
 25 97 .114780
 25 98 .083752
 26 26 1.000000
 26 27 .296183
 26 28 .183403
 26 29 .347606
 26 30 .151907
 26 31 .236341
 26 32 .271281
 26 33 .141044
 26 34 .283641
 26 35 .334841
 26 36 .240463
 26 37 .130545
 26 38 .254317
 26 39 .240953
 26 40 .302038
 26 41 .189156
 26 42 .275847
 26 43 .298262
 26 44 .283313
 26 45 .170815
 26 46 .197872
 26 47 .235071
 26 48 .165159
 26 49 .199445
 26 50 .255233
 26 51 .146012
 26 52 .180540
 26 53 .180866
 26 54 .225706
 26 55 .287497
 26 56 .203663
 26 57 .256194
 26 58 .135746
 26 59 .268680
 26 60 .192546
 26 61 .192745
 26 62 .097921
 26 63 .037784
 26 64 .139807
 26 65 .135349
 26 66 .167035
 26 67 .244958
 26 68 .130858
 26 69 .305422
 26 70 .229975
 26 71 .058235
 26 72 .235334
 26 73 .072611
 26 74 .221218
 26 75 .261359
 26 76 .216030
 26 77 .227027
 26 78 .210205
 26 79 .240277
 26 80 .188671
 26 81 .178372
 26 82 .265240
 26 83 .237870
 26 84 .103868
 26 85 .175574
 26 86 .228860
 26 87 .296291
 26 88 .244863
 26 89 .143106
 26 90 .237331
 26 91 .179253
 26 92 .072796
 26 93 .140966
 26 94 .270839
 26 95 .194644
 26 96 .177372
 26 97 .270113
 26 98 .212070
 27 27 1.000000
 27 28 .135550
 27 29 .166804
 27 30 .108897
 27 31 .136232
 27 32 .275263
 27 33 .155258
 27 34 .099058
 27 35 .194463
 27 36 .155503
 27 37 .196843
 27 38 .011983
 27 39 .061446
 27 40 .263817
 27 41 .105781
 27 42 .216272
 27 43 .276228
 27 44 .236474
 27 45 .092433
 27 46 .284944
 27 47 .206006
 27 48 .022554
 27 49 .135983
 27 50 .067018
 27 51 .317300
 27 52 .107346
 27 53 .021064
 27 54 .253626
 27 55 .223083
 27 56 .179296
 27 57 .094191
 27 58 .080219
 27 59 .312005
 27 60 .184801
 27 61 .170460
 27 62 .121044
 27 63 .220015
 27 64 .139169
 27 65 .115936
 27 66 .199120
 27 67 .162164
 27 68 .088828
 27 69 .119820
 27 70 .166241
 27 71 .122595
 27 72 .130042
 27 73 .016893
 27 74 .085856
 27 75 .285932
 27 76 .158111
 27 77 .127993
 27 78 .067276
 27 79 .191547
 27 80 .291248
 27 81 .132736
 27 82 .183842
 27 83 .124588
 27 84 .283416
 27 85 .133001
 27 86 .295735
 27 87 .429091
 27 88 .584086
 27 89 .237562
 27 90 .125130
 27 91 .211479
 27 92 .053923
 27 93 .274883
 27 94 .514920
 27 95 .238795
 27 96 .187889
 27 97 .633190
 27 98 .215228
 28 28 1.000000
 28 29 .162644
 28 30 .175727
 28 31 .179156
 28 32 .222591
 28 33 .168313
 28 34 .068753
 28 35 .182843
 28 36 .197538
 28 37 .076054
 28 38 .084697
 28 39 .194833
 28 40 .154046
 28 41 .175227
 28 42 .094472
 28 43 .248044
 28 44 .399668
 28 45 .147003
 28 46 .108176
 28 47 .170046
 28 48 .092501
 28 49 .195119
 28 50 .120777
 28 51 .132521
 28 52 .197996
 28 53 .194101
 28 54 .213172
 28 55 .113174
 28 56 .041077
 28 57 -.003605
 28 58 .133004
 28 59 .165070
 28 60 .157474
 28 61 .162386
 28 62 .092145
 28 63 .120164
 28 64 .016442
 28 65 .063995
 28 66 .333216
 28 67 .228063
 28 68 .074071
 28 69 .122433
 28 70 .177103
 28 71 .278676
 28 72 .127097
 28 73 .000766
 28 74 .165420
 28 75 .136360
 28 76 .077372
 28 77 .049170
 28 78 -.013729
 28 79 .241023
 28 80 .049909
 28 81 .082268
 28 82 .159175
 28 83 .097950
 28 84 .135663
 28 85 .160960
 28 86 .178762
 28 87 .125010
 28 88 .226502
 28 89 .152550
 28 90 .130979
 28 91 .140126
 28 92 .183191
 28 93 .091532
 28 94 .165404
 28 95 .120672
 28 96 .145178
 28 97 .144733
 28 98 .087066
 29 29 1.000000
 29 30 .227018
 29 31 .218317
 29 32 .197032
 29 33 .156160
 29 34 .217268
 29 35 .129654
 29 36 .214798
 29 37 .180084
 29 38 .198570
 29 39 .260589
 29 40 .196612
 29 41 .189216
 29 42 .191110
 29 43 .332010
 29 44 .238901
 29 45 .221176
 29 46 .194493
 29 47 .115878
 29 48 .135601
 29 49 .230804
 29 50 .154757
 29 51 .052264
 29 52 .214732
 29 53 .239436
 29 54 .239743
 29 55 .280418
 29 56 .079463
 29 57 .195676
 29 58 .240092
 29 59 .166997
 29 60 .137855
 29 61 .152527
 29 62 .066349
 29 63 .157050
 29 64 .164015
 29 65 .136671
 29 66 .143414
 29 67 .163325
 29 68 .082794
 29 69 .227222
 29 70 .147351
 29 71 .098345
 29 72 .085989
 29 73 .006010
 29 74 .183317
 29 75 .055293
 29 76 .144092
 29 77 .321221
 29 78 .136321
 29 79 .191324
 29 80 .150805
 29 81 .257768
 29 82 .290335
 29 83 .078858
 29 84 .014350
 29 85 .218581
 29 86 .165349
 29 87 .251100
 29 88 .058093
 29 89 .229732
 29 90 .276453
 29 91 .178058
 29 92 .117575
 29 93 .134139
 29 94 .142370
 29 95 .202666
 29 96 .181376
 29 97 .170262
 29 98 .115182
 30 30 1.000000
 30 31 .353340
 30 32 .243674
 30 33 .218002
 30 34 .043101
 30 35 .158207
 30 36 .081022
 30 37 .213405
 30 38 .173157
 30 39 .430251
 30 40 .248572
 30 41 .288565
 30 42 .122993
 30 43 .351914
 30 44 .173895
 30 45 .243783
 30 46 .154827
 30 47 .251930
 30 48 .221343
 30 49 .209725
 30 50 .260182
 30 51 .064000
 30 52 .258011
 30 53 .574701
 30 54 .238430
 30 55 .145312
 30 56 .151642
 30 57 .072994
 30 58 .414282
 30 59 .320055
 30 60 .038984
 30 61 .219338
 30 62 .219346
 30 63 .214058
 30 64 .077058
 30 65 .333154
 30 66 .181258
 30 67 .187285
 30 68 .297386
 30 69 .124624
 30 70 .279128
 30 71 .109519
 30 72 .136750
 30 73 -.084632
 30 74 .126751
 30 75 -.019923
 30 76 .114373
 30 77 .029961
 30 78 .147031
 30 79 .315954
 30 80 .174325
 30 81 .284583
 30 82 .134886
 30 83 .158055
 30 84 -.058731
 30 85 .254138
 30 86 .270614
 30 87 .184726
 30 88 .076926
 30 89 .251325
 30 90 .310400
 30 91 .198912
 30 92 .317895
 30 93 .102400
 30 94 .061517
 30 95 .204125
 30 96 .305452
 30 97 .130605
 30 98 .203481
 31 31 1.000000
 31 32 .262380
 31 33 .172733
 31 34 .040747
 31 35 .140438
 31 36 .158353
 31 37 .159151
 31 38 .164208
 31 39 .436146
 31 40 .194199
 31 41 .235172
 31 42 .051171
 31 43 .345151
 31 44 .276389
 31 45 .271924
 31 46 .192471
 31 47 .197974
 31 48 .213246
 31 49 .207278
 31 50 .241677
 31 51 .069553
 31 52 .358345
 31 53 .383156
 31 54 .143538
 31 55 -.004944
 31 56 .077621
 31 57 .070804
 31 58 .336050
 31 59 .231476
 31 60 .109660
 31 61 .203958
 31 62 .224110
 31 63 .209052
 31 64 -.060415
 31 65 .369919
 31 66 .155032
 31 67 .192087
 31 68 .202528
 31 69 .065708
 31 70 .315348
 31 71 .080500
 31 72 .193206
 31 73 .020027
 31 74 .075822
 31 75 .038806
 31 76 .092414
 31 77 .061617
 31 78 .102746
 31 79 .256424
 31 80 .067530
 31 81 .221640
 31 82 .133240
 31 83 .131942
 31 84 -.003366
 31 85 .194558
 31 86 .182923
 31 87 .170687
 31 88 .023037
 31 89 .212558
 31 90 .354311
 31 91 .100174
 31 92 .410184
 31 93 .040431
 31 94 .015548
 31 95 .280788
 31 96 .194589
 31 97 .101909
 31 98 .083394
 32 32 1.000000
 32 33 .098104
 32 34 .019520
 32 35 .222888
 32 36 .137896
 32 37 .187227
 32 38 .079137
 32 39 .296756
 32 40 .239288
 32 41 .231976
 32 42 .117463
 32 43 .351231
 32 44 .218037
 32 45 .162810
 32 46 .241208
 32 47 .338946
 32 48 .172998
 32 49 .264337
 32 50 .199351
 32 51 .234006
 32 52 .290824
 32 53 .220979
 32 54 .370443
 32 55 .185217
 32 56 .130860
 32 57 .208916
 32 58 .170790
 32 59 .398688
 32 60 .182690
 32 61 .250420
 32 62 .169958
 32 63 .177335
 32 64 .072848
 32 65 .235308
 32 66 .165706
 32 67 .223446
 32 68 .155054
 32 69 .155111
 32 70 .162637
 32 71 .144712
 32 72 .217985
 32 73 .096574
 32 74 .098492
 32 75 .194045
 32 76 .145977
 32 77 .153766
 32 78 .072812
 32 79 .319197
 32 80 .248938
 32 81 .228579
 32 82 .217480
 32 83 .168668
 32 84 .147557
 32 85 .315347
 32 86 .276764
 32 87 .214812
 32 88 .200831
 32 89 .278930
 32 90 .271053
 32 91 .219847
 32 92 .269249
 32 93 .151079
 32 94 .193099
 32 95 .269593
 32 96 .222282
 32 97 .242903
 32 98 .220833
 33 33 1.000000
 33 34 .210945
 33 35 .178702
 33 36 .078326
 33 37 -.079910
 33 38 .075978
 33 39 .164179
 33 40 .072970
 33 41 -.029472
 33 42 .044203
 33 43 .189610
 33 44 .190773
 33 45 .046109
 33 46 -.014660
 33 47 .094238
 33 48 .049313
 33 49 .203639
 33 50 .097238
 33 51 .124928
 33 52 .148555
 33 53 .200562
 33 54 .152811
 33 55 .061899
 33 56 .037837
 33 57 .085082
 33 58 .212838
 33 59 .092282
 33 60 -.067062
 33 61 .097353
 33 62 .056085
 33 63 .093327
 33 64 .065686
 33 65 .179249
 33 66 .088600
 33 67 .173357
 33 68 .033329
 33 69 .185390
 33 70 .148509
 33 71 .078041
 33 72 .098923
 33 73 .005365
 33 74 .061713
 33 75 .030875
 33 76 -.032965
 33 77 .031906
 33 78 .014898
 33 79 -.009027
 33 80 -.042872
 33 81 .015553
 33 82 .165109
 33 83 .030224
 33 84 .113903
 33 85 .101924
 33 86 .157508
 33 87 .146920
 33 88 .063331
 33 89 .013858
 33 90 .069714
 33 91 .033789
 33 92 .093391
 33 93 .016663
 33 94 .089864
 33 95 .004803
 33 96 .107303
 33 97 .050585
 33 98 .049508
 34 34 1.000000
 34 35 .247702
 34 36 .035237
 34 37 -.034411
 34 38 .222184
 34 39 .117154
 34 40 .177886
 34 41 .018336
 34 42 .357198
 34 43 .225842
 34 44 .138156
 34 45 -.029910
 34 46 .081001
 34 47 .137857
 34 48 .049321
 34 49 .173391
 34 50 .068961
 34 51 -.005324
 34 52 .049868
 34 53 .040982
 34 54 .082784
 34 55 .293803
 34 56 .052599
 34 57 .152585
 34 58 .095674
 34 59 -.018503
 34 60 .096279
 34 61 .120283
 34 62 .057238
 34 63 .119198
 34 64 .020522
 34 65 .011453
 34 66 .148646
 34 67 .167183
 34 68 .037549
 34 69 .259693
 34 70 .189755
 34 71 .013449
 34 72 .187383
 34 73 .072704
 34 74 .181269
 34 75 .184798
 34 76 .061547
 34 77 .242207
 34 78 .143396
 34 79 .050756
 34 80 .056849
 34 81 .042297
 34 82 .370610
 34 83 .049985
 34 84 .103245
 34 85 .087977
 34 86 .153313
 34 87 .131119
 34 88 .070913
 34 89 .097817
 34 90 .085169
 34 91 .081692
 34 92 .101218
 34 93 .189646
 34 94 .103808
 34 95 .095056
 34 96 .112406
 34 97 .107107
 34 98 .118981
 35 35 1.000000
 35 36 .052530
 35 37 .125373
 35 38 .101762
 35 39 .142210
 35 40 .305534
 35 41 .138089
 35 42 .220252
 35 43 .350870
 35 44 .288146
 35 45 .139756
 35 46 .221184
 35 47 .213335
 35 48 .104149
 35 49 .145653
 35 50 .082647
 35 51 .162496
 35 52 .154994
 35 53 .138399
 35 54 .227717
 35 55 .170148
 35 56 .078689
 35 57 .220835
 35 58 .067239
 35 59 .238788
 35 60 .091147
 35 61 .332236
 35 62 .087625
 35 63 .090550
 35 64 .135186
 35 65 .057977
 35 66 .225854
 35 67 .251173
 35 68 .115640
 35 69 .302972
 35 70 .302214
 35 71 .132758
 35 72 .159337
 35 73 .072030
 35 74 .161850
 35 75 .274088
 35 76 .042647
 35 77 .179930
 35 78 .142737
 35 79 .156220
 35 80 .140555
 35 81 .173716
 35 82 .257731
 35 83 .161785
 35 84 .221711
 35 85 .224473
 35 86 .228987
 35 87 .226367
 35 88 .167013
 35 89 .137772
 35 90 .191285
 35 91 .111587
 35 92 .088322
 35 93 .249398
 35 94 .246220
 35 95 .153429
 35 96 .141243
 35 97 .249597
 35 98 .173084
 36 36 1.000000
 36 37 .227418
 36 38 .038361
 36 39 .111163
 36 40 .136309
 36 41 .220582
 36 42 .058967
 36 43 .143141
 36 44 .132805
 36 45 .205836
 36 46 .107264
 36 47 .146048
 36 48 .124316
 36 49 .097686
 36 50 .158181
 36 51 .126416
 36 52 .088791
 36 53 .003061
 36 54 .162522
 36 55 .065359
 36 56 .266445
 36 57 .144814
 36 58 .066131
 36 59 .184682
 36 60 .152764
 36 61 .040890
 36 62 .071069
 36 63 .140405
 36 64 .066584
 36 65 .082556
 36 66 .054932
 36 67 .094259
 36 68 .170993
 36 69 .046035
 36 70 .086206
 36 71 .128137
 36 72 .035229
 36 73 .086519
 36 74 .105623
 36 75 .117721
 36 76 .307459
 36 77 .130704
 36 78 .037255
 36 79 .155469
 36 80 .217802
 36 81 .200576
 36 82 .087863
 36 83 .287351
 36 84 .080959
 36 85 .199063
 36 86 .101895
 36 87 .192176
 36 88 .069441
 36 89 .140265
 36 90 .136292
 36 91 .355500
 36 92 .081149
 36 93 .085129
 36 94 .146109
 36 95 .112029
 36 96 .084752
 36 97 .102778
 36 98 .104463
 37 37 1.000000
 37 38 .034230
 37 39 .222304
 37 40 .143495
 37 41 .548550
 37 42 .130718
 37 43 .164647
 37 44 .032445
 37 45 .614966
 37 46 .222656
 37 47 .199477
 37 48 .254585
 37 49 .017050
 37 50 .259359
 37 51 .110525
 37 52 .259879
 37 53 .127710
 37 54 .203654
 37 55 .108030
 37 56 .431584
 37 57 .187464
 37 58 .110703
 37 59 .363800
 37 60 .121089
 37 61 .042837
 37 62 .193912
 37 63 .232106
 37 64 -.037003
 37 65 .119259
 37 66 .085638
 37 67 .099129
 37 68 .257765
 37 69 .088271
 37 70 .159634
 37 71 .123945
 37 72 .147497
 37 73 -.028902
 37 74 .189276
 37 75 .155952
 37 76 .437877
 37 77 .064843
 37 78 .173499
 37 79 .148533
 37 80 .394303
 37 81 .310514
 37 82 .028235
 37 83 .450067
 37 84 -.003961
 37 85 .166524
 37 86 .203714
 37 87 .166759
 37 88 .061398
 37 89 .153924
 37 90 .254094
 37 91 .489482
 37 92 .084026
 37 93 .195043
 37 94 .143996
 37 95 .232110
 37 96 .170937
 37 97 .078053
 37 98 .130889
 38 38 1.000000
 38 39 .074620
 38 40 .125081
 38 41 .105886
 38 42 .232315
 38 43 .193610
 38 44 .094378
 38 45 .016713
 38 46 .129868
 38 47 .148663
 38 48 -.003269
 38 49 .117203
 38 50 .099342
 38 51 .034215
 38 52 .181410
 38 53 .159731
 38 54 .135814
 38 55 .302271
 38 56 .060323
 38 57 .090107
 38 58 .125245
 38 59 .179569
 38 60 .101698
 38 61 .043654
 38 62 .058248
 38 63 .071189
 38 64 .172956
 38 65 .132192
 38 66 .060825
 38 67 .115396
 38 68 .087297
 38 69 .154914
 38 70 .145590
 38 71 -.011367
 38 72 .062767
 38 73 .013730
 38 74 .092181
 38 75 .067519
 38 76 .102618
 38 77 .307573
 38 78 .186934
 38 79 .196764
 38 80 -.001475
 38 81 .124769
 38 82 .247975
 38 83 .156651
 38 84 -.032918
 38 85 .154081
 38 86 .100229
 38 87 .133200
 38 88 .106215
 38 89 .201380
 38 90 .173211
 38 91 .056907
 38 92 .223109
 38 93 .028798
 38 94 .126070
 38 95 .058361
 38 96 .156446
 38 97 .152261
 38 98 .071931
 39 39 1.000000
 39 40 .128042
 39 41 .338604
 39 42 .052729
 39 43 .363226
 39 44 .164411
 39 45 .290361
 39 46 .186289
 39 47 .259241
 39 48 .295788
 39 49 .238974
 39 50 .295453
 39 51 .096116
 39 52 .318484
 39 53 .426736
 39 54 .166152
 39 55 .139300
 39 56 .096083
 39 57 .138413
 39 58 .273979
 39 59 .243953
 39 60 .051282
 39 61 .212005
 39 62 .316716
 39 63 .227421
 39 64 -.051393
 39 65 .359767
 39 66 .175906
 39 67 .245356
 39 68 .316814
 39 69 .057569
 39 70 .339929
 39 71 .068985
 39 72 .118819
 39 73 .031294
 39 74 .183296
 39 75 .026315
 39 76 .116318
 39 77 .058647
 39 78 .107768
 39 79 .292170
 39 80 .149759
 39 81 .353192
 39 82 .148018
 39 83 .119564
 39 84 -.028816
 39 85 .223522
 39 86 .200249
 39 87 .150779
 39 88 .063261
 39 89 .230112
 39 90 .353769
 39 91 .157271
 39 92 .265829
 39 93 .022560
 39 94 .007832
 39 95 .164560
 39 96 .217254
 39 97 .053520
 39 98 .134494
 40 40 1.000000
 40 41 .165361
 40 42 .155949
 40 43 .350132
 40 44 .197450
 40 45 .177769
 40 46 .193197
 40 47 .283758
 40 48 .093524
 40 49 .254483
 40 50 .126510
 40 51 .229695
 40 52 .136486
 40 53 .158919
 40 54 .190399
 40 55 .241704
 40 56 .135356
 40 57 .075942
 40 58 .159826
 40 59 .338031
 40 60 .091361
 40 61 .227137
 40 62 .071199
 40 63 .081607
 40 64 .113644
 40 65 .174688
 40 66 .255256
 40 67 .258735
 40 68 .138592
 40 69 .144386
 40 70 .308504
 40 71 .162723
 40 72 .159109
 40 73 -.040581
 40 74 .237698
 40 75 .237046
 40 76 .152318
 40 77 .137796
 40 78 .150249
 40 79 .290484
 40 80 .220131
 40 81 .213234
 40 82 .212990
 40 83 .173491
 40 84 .183177
 40 85 .237972
 40 86 .313590
 40 87 .244532
 40 88 .207526
 40 89 .156126
 40 90 .230819
 40 91 .210706
 40 92 .111865
 40 93 .187321
 40 94 .226084
 40 95 .265635
 40 96 .289991
 40 97 .296345
 40 98 .203007
 41 41 1.000000
 41 42 .076882
 41 43 .274188
 41 44 .057447
 41 45 .649830
 41 46 .098448
 41 47 .232264
 41 48 .278841
 41 49 .136953
 41 50 .415299
 41 51 .056111
 41 52 .299304
 41 53 .177823
 41 54 .177569
 41 55 .056008
 41 56 .395364
 41 57 .155460
 41 58 .171381
 41 59 .364534
 41 60 .100437
 41 61 .174852
 41 62 .272059
 41 63 .287732
 41 64 -.057580
 41 65 .217711
 41 66 .119891
 41 67 .266403
 41 68 .348324
 41 69 .101511
 41 70 .210835
 41 71 -.027052
 41 72 .227463
 41 73 .001812
 41 74 .262035
 41 75 .089026
 41 76 .332830
 41 77 -.025599
 41 78 .137637
 41 79 .233616
 41 80 .340660
 41 81 .292733
 41 82 .092602
 41 83 .471892
 41 84 -.039128
 41 85 .253756
 41 86 .203842
 41 87 .173527
 41 88 .006348
 41 89 .138771
 41 90 .253890
 41 91 .444380
 41 92 .179649
 41 93 .153391
 41 94 .034488
 41 95 .231709
 41 96 .143953
 41 97 .039652
 41 98 .136538
 42 42 1.000000
 42 43 .301894
 42 44 .170590
 42 45 .044567
 42 46 .093839
 42 47 .094826
 42 48 .026444
 42 49 .080111
 42 50 .028567
 42 51 .032372
 42 52 .087963
 42 53 .133953
 42 54 .125161
 42 55 .424892
 42 56 .021140
 42 57 .207794
 42 58 .068411
 42 59 .094362
 42 60 .327407
 42 61 .186079
 42 62 .020112
 42 63 .085432
 42 64 .116809
 42 65 .057392
 42 66 .223347
 42 67 .173672
 42 68 -.000526
 42 69 .430850
 42 70 .231979
 42 71 .103831
 42 72 .044752
 42 73 -.137030
 42 74 .139671
 42 75 .180550
 42 76 .041618
 42 77 .313411
 42 78 .169435
 42 79 .235277
 42 80 .060895
 42 81 .193181
 42 82 .434412
 42 83 .048585
 42 84 -.017881
 42 85 .152493
 42 86 .151524
 42 87 .202697
 42 88 .100748
 42 89 .248507
 42 90 .063437
 42 91 -.000173
 42 92 .077302
 42 93 .266152
 42 94 .098703
 42 95 .215096
 42 96 .158616
 42 97 .090842
 42 98 .142605
 43 43 1.000000
 43 44 .350321
 43 45 .244870
 43 46 .283495
 43 47 .277136
 43 48 .310900
 43 49 .266756
 43 50 .327878
 43 51 .198953
 43 52 .361415
 43 53 .311509
 43 54 .264536
 43 55 .296817
 43 56 .120088
 43 57 .196156
 43 58 .243271
 43 59 .308959
 43 60 .254676
 43 61 .315885
 43 62 .334902
 43 63 .367708
 43 64 .156025
 43 65 .272182
 43 66 .284950
 43 67 .370844
 43 68 .314648
 43 69 .244311
 43 70 .370384
 43 71 .105793
 43 72 .169931
 43 73 -.003230
 43 74 .347498
 43 75 .306068
 43 76 .103549
 43 77 .177843
 43 78 .321825
 43 79 .517080
 43 80 .245142
 43 81 .442174
 43 82 .330339
 43 83 .189270
 43 84 .060584
 43 85 .511752
 43 86 .343223
 43 87 .313318
 43 88 .236561
 43 89 .518298
 43 90 .360341
 43 91 .170039
 43 92 .236966
 43 93 .257077
 43 94 .163048
 43 95 .371010
 43 96 .342018
 43 97 .201458
 43 98 .299418
 44 44 1.000000
 44 45 .123169
 44 46 .188558
 44 47 .190483
 44 48 .103729
 44 49 .279069
 44 50 .159577
 44 51 .220372
 44 52 .157280
 44 53 .137836
 44 54 .231753
 44 55 .206836
 44 56 -.023577
 44 57 .069761
 44 58 .166018
 44 59 .183432
 44 60 .172911
 44 61 .227477
 44 62 .063732
 44 63 .010846
 44 64 .098244
 44 65 .183124
 44 66 .396833
 44 67 .161314
 44 68 .037491
 44 69 .213884
 44 70 .164146
 44 71 .296336
 44 72 .153516
 44 73 .020691
 44 74 .169337
 44 75 .186618
 44 76 .011093
 44 77 .057438
 44 78 .035472
 44 79 .258382
 44 80 .126624
 44 81 .215316
 44 82 .247350
 44 83 .052880
 44 84 .110879
 44 85 .257601
 44 86 .233775
 44 87 .228555
 44 88 .207865
 44 89 .263616
 44 90 .198522
 44 91 .086249
 44 92 .167307
 44 93 .184719
 44 94 .215307
 44 95 .248300
 44 96 .157928
 44 97 .230275
 44 98 .175832
 45 45 1.000000
 45 46 .205695
 45 47 .142175
 45 48 .239793
 45 49 .115752
 45 50 .273394
 45 51 .167504
 45 52 .257110
 45 53 .200600
 45 54 .175617
 45 55 .055379
 45 56 .406385
 45 57 .074786
 45 58 .206717
 45 59 .312102
 45 60 .068967
 45 61 .078834
 45 62 .260650
 45 63 .177522
 45 64 -.113921
 45 65 .222607
 45 66 .118246
 45 67 .195663
 45 68 .255574
 45 69 .137262
 45 70 .200322
 45 71 .034855
 45 72 .133170
 45 73 .033885
 45 74 .187311
 45 75 .116924
 45 76 .358532
 45 77 .000275
 45 78 .136120
 45 79 .168075
 45 80 .316225
 45 81 .306113
 45 82 .020669
 45 83 .483221
 45 84 -.024732
 45 85 .220469
 45 86 .151289
 45 87 .148653
 45 88 .004548
 45 89 .126246
 45 90 .239863
 45 91 .429196
 45 92 .144459
 45 93 .129486
 45 94 .080547
 45 95 .255123
 45 96 .160821
 45 97 .038528
 45 98 .105553
 46 46 1.000000
 46 47 .245123
 46 48 .069070
 46 49 .116851
 46 50 .100039
 46 51 .226785
 46 52 .292362
 46 53 .120450
 46 54 .211095
 46 55 .114243
 46 56 .206724
 46 57 .078322
 46 58 .207804
 46 59 .274260
 46 60 .069954
 46 61 .084145
 46 62 .142284
 46 63 .154377
 46 64 .035258
 46 65 .120525
 46 66 .198447
 46 67 .112803
 46 68 .084145
 46 69 .176296
 46 70 .171452
 46 71 .083823
 46 72 .150919
 46 73 .007467
 46 74 .147350
 46 75 .219521
 46 76 .192920
 46 77 .075208
 46 78 .137373
 46 79 .229928
 46 80 .113107
 46 81 .272822
 46 82 .176289
 46 83 .220480
 46 84 .150806
 46 85 .130626
 46 86 .186446
 46 87 .301712
 46 88 .223326
 46 89 .197385
 46 90 .214314
 46 91 .300884
 46 92 .077308
 46 93 .191673
 46 94 .234081
 46 95 .226974
 46 96 .147043
 46 97 .271280
 46 98 .150496
 47 47 1.000000
 47 48 .219351
 47 49 .197491
 47 50 .232694
 47 51 .233596
 47 52 .282036
 47 53 .198508
 47 54 .240556
 47 55 .157138
 47 56 .210410
 47 57 .159524
 47 58 .193695
 47 59 .447465
 47 60 .206777
 47 61 .164554
 47 62 .116246
 47 63 .180985
 47 64 .073014
 47 65 .215134
 47 66 .223355
 47 67 .148055
 47 68 .237254
 47 69 .144848
 47 70 .242454
 47 71 .136825
 47 72 .196672
 47 73 .098878
 47 74 .204529
 47 75 .190716
 47 76 .124678
 47 77 .123559
 47 78 .122867
 47 79 .207328
 47 80 .213401
 47 81 .188715
 47 82 .155528
 47 83 .133278
 47 84 .254127
 47 85 .229181
 47 86 .255155
 47 87 .281399
 47 88 .128286
 47 89 .159410
 47 90 .355427
 47 91 .173354
 47 92 .153398
 47 93 .121658
 47 94 .161572
 47 95 .202342
 47 96 .265468
 47 97 .291226
 47 98 .232784
 48 48 1.000000
 48 49 .065587
 48 50 .701617
 48 51 -.035959
 48 52 .109613
 48 53 .212185
 48 54 .149158
 48 55 .038149
 48 56 .055256
 48 57 .134757
 48 58 .123227
 48 59 .124266
 48 60 .092292
 48 61 .103398
 48 62 .408493
 48 63 .356131
 48 64 .031056
 48 65 .315125
 48 66 .130215
 48 67 .140875
 48 68 .412238
 48 69 -.145815
 48 70 .237688
 48 71 -.015254
 48 72 .078905
 48 73 -.115710
 48 74 .413941
 48 75 .055272
 48 76 .078444
 48 77 .002407
 48 78 .282980
 48 79 .301360
 48 80 .196090
 48 81 .337410
 48 82 .032512
 48 83 .052492
 48 84 .015321
 48 85 .282153
 48 86 .152412
 48 87 .103791
 48 88 .057164
 48 89 .286936
 48 90 .280263
 48 91 .202687
 48 92 .199947
 48 93 .084512
 48 94 .006651
 48 95 .216977
 48 96 .273704
 48 97 -.015327
 48 98 .078731
 49 49 1.000000
 49 50 .127620
 49 51 .116272
 49 52 .154662
 49 53 .320666
 49 54 .135016
 49 55 .116501
 49 56 -.011585
 49 57 .041919
 49 58 .326658
 49 59 .205665
 49 60 .091146
 49 61 .119555
 49 62 .094752
 49 63 .115192
 49 64 .036362
 49 65 .133916
 49 66 .137494
 49 67 .217945
 49 68 .143419
 49 69 .191876
 49 70 .189786
 49 71 .178892
 49 72 .160644
 49 73 .022995
 49 74 .173081
 49 75 .202404
 49 76 .004459
 49 77 .167301
 49 78 .127652
 49 79 .202039
 49 80 .083037
 49 81 .200384
 49 82 .212115
 49 83 -.001994
 49 84 .139758
 49 85 .223796
 49 86 .212958
 49 87 .267904
 49 88 .137975
 49 89 .168806
 49 90 .159763
 49 91 .108273
 49 92 .194271
 49 93 .252919
 49 94 .177985
 49 95 .136900
 49 96 .205533
 49 97 .169051
 49 98 .228982
 50 50 1.000000
 50 51 .048459
 50 52 .124007
 50 53 .214941
 50 54 .180568
 50 55 .097305
 50 56 .110198
 50 57 .237191
 50 58 .129677
 50 59 .253229
 50 60 .078219
 50 61 .176075
 50 62 .435924
 50 63 .343527
 50 64 .058195
 50 65 .246131
 50 66 .165332
 50 67 .254664
 50 68 .459245
 50 69 .028069
 50 70 .257967
 50 71 -.027865
 50 72 .163317
 50 73 -.096172
 50 74 .408047
 50 75 .063764
 50 76 .114319
 50 77 .017859
 50 78 .306281
 50 79 .275844
 50 80 .192663
 50 81 .261168
 50 82 .116844
 50 83 .105054
 50 84 -.014970
 50 85 .246870
 50 86 .210017
 50 87 .187085
 50 88 .093852
 50 89 .231215
 50 90 .289278
 50 91 .250027
 50 92 .246229
 50 93 .140933
 50 94 .044868
 50 95 .221692
 50 96 .284259
 50 97 .090578
 50 98 .147703
 51 51 1.000000
 51 52 .147785
 51 53 .145352
 51 54 .238471
 51 55 .120208
 51 56 .142760
 51 57 .081621
 51 58 .084186
 51 59 .443130
 51 60 .087403
 51 61 .138385
 51 62 -.020262
 51 63 -.023209
 51 64 .166017
 51 65 .035937
 51 66 .239885
 51 67 .127151
 51 68 .017200
 51 69 .071170
 51 70 .118761
 51 71 .163209
 51 72 .125649
 51 73 .153967
 51 74 .076720
 51 75 .192419
 51 76 .116394
 51 77 .027217
 51 78 .010162
 51 79 .135485
 51 80 .269993
 51 81 .144847
 51 82 .077247
 51 83 .130758
 51 84 .302201
 51 85 .267369
 51 86 .308823
 51 87 .304399
 51 88 .410005
 51 89 .041420
 51 90 .126128
 51 91 .096963
 51 92 -.027234
 51 93 .147384
 51 94 .395076
 51 95 .179082
 51 96 .135545
 51 97 .458146
 51 98 .246204
 52 52 1.000000
 52 53 .320445
 52 54 .221375
 52 55 .071073
 52 56 .234836
 52 57 .106592
 52 58 .237333
 52 59 .300966
 52 60 .062278
 52 61 .194801
 52 62 .080785
 52 63 .135590
 52 64 -.090023
 52 65 .236836
 52 66 .136244
 52 67 .199478
 52 68 .163258
 52 69 .085224
 52 70 .266254
 52 71 .068782
 52 72 .137362
 52 73 .016543
 52 74 .131764
 52 75 .051275
 52 76 .196816
 52 77 .009572
 52 78 .072419
 52 79 .250669
 52 80 .138615
 52 81 .218003
 52 82 .202128
 52 83 .273662
 52 84 .040677
 52 85 .246086
 52 86 .191088
 52 87 .233481
 52 88 .084536
 52 89 .231336
 52 90 .283268
 52 91 .195402
 52 92 .161381
 52 93 .101951
 52 94 .066194
 52 95 .223797
 52 96 .145080
 52 97 .128691
 52 98 .162989
 53 53 1.000000
 53 54 .179646
 53 55 .108116
 53 56 .096213
 53 57 .073730
 53 58 .449048
 53 59 .279683
 53 60 .065388
 53 61 .207837
 53 62 .125834
 53 63 .123006
 53 64 .070186
 53 65 .355044
 53 66 .148271
 53 67 .205768
 53 68 .205590
 53 69 .030744
 53 70 .318920
 53 71 .102872
 53 72 .155236
 53 73 -.080703
 53 74 .126539
 53 75 .002356
 53 76 .077026
 53 77 .072700
 53 78 .104733
 53 79 .267089
 53 80 .138521
 53 81 .224213
 53 82 .112003
 53 83 .034862
 53 84 .038040
 53 85 .220258
 53 86 .262750
 53 87 .260649
 53 88 .062848
 53 89 .162856
 53 90 .396895
 53 91 .072847
 53 92 .317072
 53 93 .096132
 53 94 -.010414
 53 95 .194520
 53 96 .233569
 53 97 .120611
 53 98 .215242
 54 54 1.000000
 54 55 .211744
 54 56 .196223
 54 57 .087159
 54 58 .254916
 54 59 .359802
 54 60 .113432
 54 61 .192403
 54 62 .099052
 54 63 .194536
 54 64 .028395
 54 65 .097360
 54 66 .180899
 54 67 .197085
 54 68 .087352
 54 69 .114935
 54 70 .218641
 54 71 .093812
 54 72 .202367
 54 73 .046139
 54 74 .089054
 54 75 .146821
 54 76 .133408
 54 77 .150686
 54 78 .099098
 54 79 .204725
 54 80 .241557
 54 81 .231641
 54 82 .220416
 54 83 .185133
 54 84 .071568
 54 85 .279135
 54 86 .322852
 54 87 .275615
 54 88 .237360
 54 89 .194729
 54 90 .258823
 54 91 .212781
 54 92 .155575
 54 93 .110672
 54 94 .252555
 54 95 .221366
 54 96 .182903
 54 97 .297542
 54 98 .245095
 55 55 1.000000
 55 56 .086133
 55 57 .251908
 55 58 .097436
 55 59 .171441
 55 60 .156521
 55 61 .139801
 55 62 .083225
 55 63 .063346
 55 64 .229441
 55 65 .104828
 55 66 .182471
 55 67 .182259
 55 68 .071585
 55 69 .282100
 55 70 .229603
 55 71 .161201
 55 72 .089816
 55 73 .001130
 55 74 .116513
 55 75 .267865
 55 76 .088973
 55 77 .403394
 55 78 .114120
 55 79 .191975
 55 80 .215970
 55 81 .188526
 55 82 .377530
 55 83 .070580
 55 84 .131856
 55 85 .218407
 55 86 .277015
 55 87 .289982
 55 88 .164476
 55 89 .214200
 55 90 .162716
 55 91 .027687
 55 92 .054373
 55 93 .206387
 55 94 .123172
 55 95 .145675
 55 96 .261759
 55 97 .137487
 55 98 .238813
 56 56 1.000000
 56 57 .089263
 56 58 .211348
 56 59 .289765
 56 60 .049395
 56 61 .075704
 56 62 .072926
 56 63 .162870
 56 64 -.086448
 56 65 .136064
 56 66 .053068
 56 67 .129091
 56 68 .171705
 56 69 .098699
 56 70 .127273
 56 71 .056576
 56 72 .093227
 56 73 .053154
 56 74 .093644
 56 75 .083125
 56 76 .739803
 56 77 -.016007
 56 78 .077600
 56 79 .124372
 56 80 .440107
 56 81 .220491
 56 82 .052506
 56 83 .748546
 56 84 .052768
 56 85 .050499
 56 86 .246970
 56 87 .190301
 56 88 .041723
 56 89 .092551
 56 90 .124253
 56 91 .438971
 56 92 .055932
 56 93 .067416
 56 94 .079385
 56 95 .206922
 56 96 -.009037
 56 97 .115954
 56 98 .129218
 57 57 1.000000
 57 58 .055988
 57 59 .240156
 57 60 .128916
 57 61 .240756
 57 62 .088664
 57 63 .107996
 57 64 .108172
 57 65 .085899
 57 66 .076890
 57 67 .124765
 57 68 .198988
 57 69 .217174
 57 70 .049419
 57 71 .041121
 57 72 .107834
 57 73 .001970
 57 74 .105146
 57 75 .133672
 57 76 .119772
 57 77 .180701
 57 78 .137699
 57 79 .133131
 57 80 .185015
 57 81 .159343
 57 82 .192009
 57 83 .090777
 57 84 .066320
 57 85 .189578
 57 86 .206626
 57 87 .210518
 57 88 .076555
 57 89 .157262
 57 90 .164747
 57 91 .119558
 57 92 .081679
 57 93 .144521
 57 94 .085521
 57 95 .139968
 57 96 .125507
 57 97 .083042
 57 98 .110562
 58 58 1.000000
 58 59 .258053
 58 60 .103627
 58 61 .153811
 58 62 .085523
 58 63 .089990
 58 64 .006632
 58 65 .257165
 58 66 .125903
 58 67 .179747
 58 68 .089190
 58 69 .101295
 58 70 .194331
 58 71 .220938
 58 72 .113481
 58 73 -.059225
 58 74 .210844
 58 75 .035377
 58 76 .161317
 58 77 .055171
 58 78 .031220
 58 79 .201921
 58 80 .072473
 58 81 .221903
 58 82 .188752
 58 83 .137167
 58 84 -.023817
 58 85 .162950
 58 86 .175909
 58 87 .240866
 58 88 .028955
 58 89 .141584
 58 90 .244375
 58 91 .184751
 58 92 .276001
 58 93 .092390
 58 94 .010475
 58 95 .235380
 58 96 .202435
 58 97 .085105
 58 98 .149310
 59 59 1.000000
 59 60 .234693
 59 61 .185409
 59 62 .104599
 59 63 .149177
 59 64 .099296
 59 65 .197610
 59 66 .285876
 59 67 .244408
 59 68 .233318
 59 69 .114630
 59 70 .231811
 59 71 .123536
 59 72 .226846
 59 73 .018561
 59 74 .130125
 59 75 .195070
 59 76 .240328
 59 77 .044009
 59 78 .085115
 59 79 .328636
 59 80 .369207
 59 81 .235274
 59 82 .102987
 59 83 .311056
 59 84 .156356
 59 85 .266384
 59 86 .379284
 59 87 .332815
 59 88 .260768
 59 89 .196948
 59 90 .293321
 59 91 .240895
 59 92 .139479
 59 93 .185570
 59 94 .300345
 59 95 .284347
 59 96 .230292
 59 97 .336281
 59 98 .311933
 60 60 1.000000
 60 61 .076301
 60 62 .081645
 60 63 .114524
 60 64 .091746
 60 65 .146603
 60 66 .194262
 60 67 .155734
 60 68 .049760
 60 69 .097376
 60 70 .104270
 60 71 .115993
 60 72 .075858
 60 73 -.005680
 60 74 .152595
 60 75 .159441
 60 76 .026771
 60 77 .236078
 60 78 .115999
 60 79 .220572
 60 80 .110901
 60 81 .119738
 60 82 .211759
 60 83 .068711
 60 84 .148245
 60 85 .121917
 60 86 .087777
 60 87 .193864
 60 88 .089454
 60 89 .257155
 60 90 .149876
 60 91 .111241
 60 92 .175972
 60 93 .231497
 60 94 .135667
 60 95 .227342
 60 96 .190730
 60 97 .168645
 60 98 .125059
 61 61 1.000000
 61 62 .084019
 61 63 .110275
 61 64 .105895
 61 65 .109455
 61 66 .183618
 61 67 .294645
 61 68 .135340
 61 69 .150136
 61 70 .217630
 61 71 .091509
 61 72 .192389
 61 73 .065975
 61 74 .128986
 61 75 .079314
 61 76 .036426
 61 77 .030762
 61 78 .061308
 61 79 .261320
 61 80 .178753
 61 81 .240208
 61 82 .205124
 61 83 .088448
 61 84 .117986
 61 85 .256174
 61 86 .270355
 61 87 .197965
 61 88 .140385
 61 89 .253542
 61 90 .227871
 61 91 -.025961
 61 92 .176612
 61 93 .128412
 61 94 .156226
 61 95 .232568
 61 96 .232034
 61 97 .220766
 61 98 .123122
 62 62 1.000000
 62 63 .595304
 62 64 -.101240
 62 65 .215109
 62 66 .102754
 62 67 .076202
 62 68 .631754
 62 69 -.010306
 62 70 .167008
 62 71 .003897
 62 72 .101047
 62 73 -.122288
 62 74 .212321
 62 75 .132944
 62 76 .035505
 62 77 .000612
 62 78 .414948
 62 79 .246959
 62 80 .056169
 62 81 .237391
 62 82 .100840
 62 83 .109058
 62 84 -.004418
 62 85 .191173
 62 86 .140283
 62 87 .096855
 62 88 .111882
 62 89 .215675
 62 90 .211316
 62 91 .202018
 62 92 .186034
 62 93 .152352
 62 94 .004624
 62 95 .169594
 62 96 .199248
 62 97 .113385
 62 98 .013943
 63 63 1.000000
 63 64 -.071379
 63 65 .161672
 63 66 .050466
 63 67 .115412
 63 68 .545835
 63 69 .057393
 63 70 .122741
 63 71 .049470
 63 72 .099814
 63 73 -.125818
 63 74 .190359
 63 75 .077622
 63 76 .109631
 63 77 .079257
 63 78 .318283
 63 79 .228012
 63 80 .155486
 63 81 .225435
 63 82 .121372
 63 83 .174216
 63 84 .092949
 63 85 .206560
 63 86 .175125
 63 87 .130565
 63 88 .159887
 63 89 .283267
 63 90 .171691
 63 91 .266628
 63 92 .149768
 63 93 .140881
 63 94 .037685
 63 95 .164120
 63 96 .166462
 63 97 .161177
 63 98 -.019078
 64 64 1.000000
 64 65 -.047420
 64 66 .100837
 64 67 .074524
 64 68 -.000037
 64 69 .049886
 64 70 .075288
 64 71 .110040
 64 72 .078899
 64 73 .038172
 64 74 .038443
 64 75 .144494
 64 76 .018953
 64 77 .184335
 64 78 .030932
 64 79 .167317
 64 80 .113724
 64 81 .130017
 64 82 .107971
 64 83 -.022036
 64 84 .055622
 64 85 .232815
 64 86 .115772
 64 87 .214981
 64 88 .166534
 64 89 .182375
 64 90 .108051
 64 91 .030759
 64 92 .030341
 64 93 .049564
 64 94 .190060
 64 95 .071045
 64 96 .181358
 64 97 .138338
 64 98 .072935
 65 65 1.000000
 65 66 .158296
 65 67 .145713
 65 68 .198599
 65 69 .003017
 65 70 .252508
 65 71 .111967
 65 72 .094907
 65 73 -.093458
 65 74 .130925
 65 75 .013274
 65 76 .097184
 65 77 .054327
 65 78 .155903
 65 79 .300710
 65 80 .167884
 65 81 .257798
 65 82 .086632
 65 83 .109901
 65 84 -.009787
 65 85 .177899
 65 86 .129452
 65 87 .160519
 65 88 -.017089
 65 89 .202514
 65 90 .309410
 65 91 .122551
 65 92 .352438
 65 93 .092570
 65 94 -.025690
 65 95 .193057
 65 96 .106197
 65 97 .083095
 65 98 .189303
 66 66 1.000000
 66 67 .198620
 66 68 .104542
 66 69 .079310
 66 70 .205430
 66 71 .075142
 66 72 .154113
 66 73 -.003936
 66 74 .227603
 66 75 .115246
 66 76 .076439
 66 77 .061348
 66 78 .131515
 66 79 .264507
 66 80 .157260
 66 81 .194300
 66 82 .204729
 66 83 .073743
 66 84 .060905
 66 85 .257334
 66 86 .264392
 66 87 .174451
 66 88 .171133
 66 89 .199245
 66 90 .196890
 66 91 .065682
 66 92 .040499
 66 93 .122790
 66 94 .075880
 66 95 .225624
 66 96 .199607
 66 97 .159068
 66 98 .086550
 67 67 1.000000
 67 68 .086339
 67 69 .183578
 67 70 .262988
 67 71 .070386
 67 72 .026833
 67 73 -.002903
 67 74 .211941
 67 75 .043562
 67 76 .045631
 67 77 .079076
 67 78 .201202
 67 79 .234347
 67 80 .188304
 67 81 .247655
 67 82 .241373
 67 83 .129182
 67 84 .056207
 67 85 .206666
 67 86 .256860
 67 87 .171584
 67 88 .185066
 67 89 .287614
 67 90 .251528
 67 91 .112940
 67 92 .180740
 67 93 .125953
 67 94 .066955
 67 95 .306605
 67 96 .226701
 67 97 .125999
 67 98 .230666
 68 68 1.000000
 68 69 -.021855
 68 70 .221012
 68 71 .037729
 68 72 .160521
 68 73 -.041904
 68 74 .299140
 68 75 .106137
 68 76 .154120
 68 77 .013125
 68 78 .384249
 68 79 .291166
 68 80 .152933
 68 81 .315800
 68 82 .114032
 68 83 .221192
 68 84 .081692
 68 85 .240945
 68 86 .171673
 68 87 .167229
 68 88 .086723
 68 89 .255608
 68 90 .222195
 68 91 .270148
 68 92 .173500
 68 93 .153567
 68 94 .007171
 68 95 .182778
 68 96 .308738
 68 97 .082644
 68 98 .048632
 69 69 1.000000
 69 70 .103173
 69 71 .117844
 69 72 .111010
 69 73 -.068046
 69 74 .073707
 69 75 .134931
 69 76 .064909
 69 77 .219216
 69 78 .078150
 69 79 .071915
 69 80 .083088
 69 81 .096646
 69 82 .351908
 69 83 .089797
 69 84 .073632
 69 85 .104877
 69 86 .097069
 69 87 .111560
 69 88 .054197
 69 89 .114884
 69 90 .116852
 69 91 .112968
 69 92 .029190
 69 93 .207261
 69 94 .081540
 69 95 .117034
 69 96 .145548
 69 97 .109366
 69 98 .158341
 70 70 1.000000
 70 71 .094671
 70 72 .145376
 70 73 -.000111
 70 74 .281295
 70 75 .112690
 70 76 .142288
 70 77 .155704
 70 78 .250195
 70 79 .263409
 70 80 .213429
 70 81 .247251
 70 82 .240789
 70 83 .066310
 70 84 .076460
 70 85 .223589
 70 86 .211304
 70 87 .189523
 70 88 .137616
 70 89 .239408
 70 90 .333271
 70 91 .110721
 70 92 .209644
 70 93 .163008
 70 94 .117541
 70 95 .242641
 70 96 .189588
 70 97 .112332
 70 98 .202134
 71 71 1.000000
 71 72 .022605
 71 73 -.010147
 71 74 .126286
 71 75 .138099
 71 76 .039963
 71 77 .132364
 71 78 -.010443
 71 79 .086508
 71 80 .016026
 71 81 .100550
 71 82 .075819
 71 83 .079562
 71 84 .213138
 71 85 .122875
 71 86 .040540
 71 87 .183144
 71 88 .135252
 71 89 .036892
 71 90 .060195
 71 91 .123789
 71 92 .094219
 71 93 .150881
 71 94 .133601
 71 95 .067161
 71 96 .145136
 71 97 .149426
 71 98 .150344
 72 72 1.000000
 72 73 -.014970
 72 74 .083041
 72 75 .168461
 72 76 .091475
 72 77 .054657
 72 78 .025610
 72 79 .158379
 72 80 .121958
 72 81 .112467
 72 82 .169894
 72 83 .093326
 72 84 .064452
 72 85 .184557
 72 86 .397454
 72 87 .301149
 72 88 .061616
 72 89 .101387
 72 90 .219283
 72 91 .146261
 72 92 .129988
 72 93 .119428
 72 94 .117986
 72 95 .185725
 72 96 .200966
 72 97 .155747
 72 98 .045538
 73 73 1.000000
 73 74 .027843
 73 75 .030545
 73 76 .141158
 73 77 .082851
 73 78 -.079378
 73 79 -.079863
 73 80 .067376
 73 81 .001507
 73 82 -.017698
 73 83 .055545
 73 84 .121584
 73 85 .047911
 73 86 -.083592
 73 87 -.016385
 73 88 .125320
 73 89 -.023282
 73 90 -.019126
 73 91 -.027252
 73 92 -.007081
 73 93 -.112163
 73 94 .162813
 73 95 -.035758
 73 96 -.031030
 73 97 .138955
 73 98 .095183
 74 74 1.000000
 74 75 .159712
 74 76 .049020
 74 77 .128237
 74 78 .261744
 74 79 .162943
 74 80 .170201
 74 81 .248396
 74 82 .212755
 74 83 .063120
 74 84 .178460
 74 85 .218087
 74 86 .098086
 74 87 .157913
 74 88 .113324
 74 89 .206136
 74 90 .242569
 74 91 .220083
 74 92 .129810
 74 93 .181243
 74 94 .027489
 74 95 .257066
 74 96 .227889
 74 97 .109733
 74 98 .110124
 75 75 1.000000
 75 76 .072931
 75 77 .169947
 75 78 .113122
 75 79 .208016
 75 80 .251808
 75 81 .172744
 75 82 .190661
 75 83 .147925
 75 84 .314735
 75 85 .240528
 75 86 .235510
 75 87 .319353
 75 88 .218386
 75 89 .209333
 75 90 .020538
 75 91 .203479
 75 92 -.031476
 75 93 .623044
 75 94 .239665
 75 95 .151721
 75 96 .097646
 75 97 .250606
 75 98 .231193
 76 76 1.000000
 76 77 .103123
 76 78 .055196
 76 79 .144003
 76 80 .397435
 76 81 .242421
 76 82 .080291
 76 83 .653817
 76 84 .020971
 76 85 .070633
 76 86 .177587
 76 87 .131270
 76 88 .081570
 76 89 .099521
 76 90 .135428
 76 91 .449837
 76 92 .073485
 76 93 -.003951
 76 94 .120597
 76 95 .201304
 76 96 .037275
 76 97 .080464
 76 98 .146371
 77 77 1.000000
 77 78 .157253
 77 79 .087534
 77 80 .025258
 77 81 .088660
 77 82 .323000
 77 83 -.026493
 77 84 .096079
 77 85 .234483
 77 86 .082211
 77 87 .213309
 77 88 .109689
 77 89 .190176
 77 90 .148106
 77 91 .059112
 77 92 .115849
 77 93 .126010
 77 94 .161742
 77 95 .110542
 77 96 .110196
 77 97 .156359
 77 98 .104140
 78 78 1.000000
 78 79 .172200
 78 80 .081450
 78 81 .203657
 78 82 .234121
 78 83 .111709
 78 84 .028694
 78 85 .145615
 78 86 .058390
 78 87 .155510
 78 88 .116995
 78 89 .169505
 78 90 .226115
 78 91 .183774
 78 92 .128065
 78 93 .118456
 78 94 .043528
 78 95 .155667
 78 96 .178451
 78 97 .083551
 78 98 .132627
 79 79 1.000000
 79 80 .232996
 79 81 .520678
 79 82 .191130
 79 83 .161657
 79 84 .037942
 79 85 .436641
 79 86 .296271
 79 87 .283220
 79 88 .207195
 79 89 .640733
 79 90 .317962
 79 91 .095860
 79 92 .231988
 79 93 .173406
 79 94 .154808
 79 95 .396612
 79 96 .284829
 79 97 .143161
 79 98 .164996
 80 80 1.000000
 80 81 .257309
 80 82 .091702
 80 83 .365663
 80 84 .089870
 80 85 .221564
 80 86 .283133
 80 87 .270672
 80 88 .206220
 80 89 .243873
 80 90 .162814
 80 91 .280109
 80 92 .065755
 80 93 .254798
 80 94 .336870
 80 95 .238098
 80 96 .082162
 80 97 .241016
 80 98 .283601
 81 81 1.000000
 81 82 .211059
 81 83 .259369
 81 84 .065223
 81 85 .367873
 81 86 .250463
 81 87 .235884
 81 88 .079177
 81 89 .508519
 81 90 .323324
 81 91 .212360
 81 92 .212545
 81 93 .156076
 81 94 .023624
 81 95 .368515
 81 96 .308218
 81 97 .089622
 81 98 .110821
 82 82 1.000000
 82 83 .056885
 82 84 .090326
 82 85 .259131
 82 86 .188045
 82 87 .305102
 82 88 .166630
 82 89 .235734
 82 90 .166348
 82 91 .075607
 82 92 .169255
 82 93 .261024
 82 94 .161638
 82 95 .139269
 82 96 .205482
 82 97 .156712
 82 98 .147697
 83 83 1.000000
 83 84 .033316
 83 85 .141420
 83 86 .209491
 83 87 .153536
 83 88 .099717
 83 89 .084931
 83 90 .117033
 83 91 .438193
 83 92 .052713
 83 93 .111667
 83 94 .132219
 83 95 .194904
 83 96 -.000209
 83 97 .087579
 83 98 .077749
 84 84 1.000000
 84 85 .164035
 84 86 .157020
 84 87 .237837
 84 88 .314531
 84 89 .139794
 84 90 .118709
 84 91 .116818
 84 92 .002741
 84 93 .241897
 84 94 .318013
 84 95 .126570
 84 96 .188775
 84 97 .337614
 84 98 .115298
 85 85 1.000000
 85 86 .326014
 85 87 .260113
 85 88 .226357
 85 89 .492495
 85 90 .246039
 85 91 .194542
 85 92 .108329
 85 93 .156146
 85 94 .202965
 85 95 .357382
 85 96 .279387
 85 97 .137862
 85 98 .188358
 86 86 1.000000
 86 87 .335454
 86 88 .228195
 86 89 .222219
 86 90 .300099
 86 91 .205748
 86 92 .139864
 86 93 .197314
 86 94 .202546
 86 95 .296313
 86 96 .259227
 86 97 .292366
 86 98 .161571
 87 87 1.000000
 87 88 .324830
 87 89 .219112
 87 90 .226141
 87 91 .242407
 87 92 .123823
 87 93 .260140
 87 94 .328836
 87 95 .230221
 87 96 .234703
 87 97 .352562
 87 98 .224549
 88 88 1.000000
 88 89 .168707
 88 90 .124555
 88 91 .088760
 88 92 -.025926
 88 93 .214560
 88 94 .591862
 88 95 .119226
 88 96 .189126
 88 97 .630022
 88 98 .177191
 89 89 1.000000
 89 90 .245007
 89 91 .134292
 89 92 .223545
 89 93 .222325
 89 94 .103904
 89 95 .349136
 89 96 .269250
 89 97 .131456
 89 98 .189802
 90 90 1.000000
 90 91 .156875
 90 92 .283068
 90 93 .072055
 90 94 .036735
 90 95 .323397
 90 96 .270794
 90 97 .145400
 90 98 .139726
 91 91 1.000000
 91 92 .080251
 91 93 .144874
 91 94 .135639
 91 95 .243185
 91 96 .127350
 91 97 .146921
 91 98 .143282
 92 92 1.000000
 92 93 .026800
 92 94 .055186
 92 95 .192467
 92 96 .285381
 92 97 .084027
 92 98 .103473
 93 93 1.000000
 93 94 .180661
 93 95 .144439
 93 96 .103822
 93 97 .234788
 93 98 .213220
 94 94 1.000000
 94 95 .090773
 94 96 .117976
 94 97 .573914
 94 98 .186241
 95 95 1.000000
 95 96 .286214
 95 97 .169404
 95 98 .160691
 96 96 1.000000
 96 97 .163600
 96 98 .150402
 97 97 1.000000
 97 98 .264120
 98 98 1.000000

