  .0097940000  .0028352430
  .0097901524  .0028133038
  .0097863048  .0027914954
  .0097824571  .0027698175
  .0097786095  .0027482704
  .0097747619  .0027268538
  .0097709143  .0027055680
  .0097670666  .0026844128
  .0097632190  .0026633883
  .0097593714  .0026424944
  .0097555238  .0026217312
  .0097516762  .0026010986
  .0097478285  .0025805968
  .0097439809  .0025602256
  .0097401333  .0025399851
  .0097362857  .0025198752
  .0097324381  .0024998959
  .0097285904  .0024800473
  .0097247428  .0024603294
  .0097208961  .0024407470
  .0097170485  .0024212903
  .0097132009  .0024019644
  .0097093532  .0023827691
  .0097055056  .0023637045
  .0097016580  .0023447705
  .0096978104  .0023259672
  .0096939627  .0023072944
  .0096901151  .0022887525
  .0096862675  .0022703412
  .0096824199  .0022520606
  .0096785723  .0022339107
  .0096747247  .0022158914
  .0096708770  .0021980024
  .0096670294  .0021802446
  .0096631818  .0021626172
  .0096593342  .0021451206
  .0096554866  .0021277547
  .0096516390  .0021105194
  .0096477913  .0020934148
  .0096439437  .0020764405
  .0096400960  .0020595971
  .0096362484  .0020428845
  .0096324008  .0020263025
  .0096285532  .0020098512
  .0096247056  .0019935305
  .0096208579  .0019773402
  .0096170103  .0019612808
  .0096131627  .0019453521
  .0096093151  .0019295541
  .0096054675  .0019138868
  .0096016199  .0018983501
  .0095977722  .0018829438
  .0095939246  .0018676683
  .0095900770  .0018525236
  .0095862294  .0018375096
  .0095823826  .0018226296
  .0095785350  .0018078768
  .0095746874  .0017932547
  .0095708398  .0017787633
  .0095669922  .0017644026
  .0095631446  .0017501725
  .0095592970  .0017360729
  .0095554493  .0017221039
  .0095516017  .0017082658
  .0095477541  .0016945583
  .0095439065  .0016809816
  .0095400588  .0016675354
  .0095362111  .0016542196
  .0095323636  .0016410352
  .0095285159  .0016279807
  .0095246683  .0016150572
  .0095208207  .0016022644
  .0095169731  .0015896022
  .0095131255  .0015770707
  .0095092778  .0015646697
  .0095054302  .0015523994
  .0095015826  .0015402599
  .0094977350  .0015282510
  .0094938874  .0015163729
  .0094900398  .0015046253
  .0094861921  .0014930083
  .0094823445  .0014815220
  .0094784969  .0014701664
  .0094746492  .0014589416
  .0094708016  .0014478473
  .0094669540  .0014368838
  .0094631064  .0014260507
  .0094592588  .0014153486
  .0094554111  .0014047768
  .0094515635  .0013943359
  .0094477159  .0013840257
  .0094438683  .0013738461
  .0094400216  .0013637994
  .0094361740  .0013538811
  .0094323264  .0013440935
  .0094284787  .0013344365
  .0094246311  .0013249101
  .0094207834  .0013155143
  .0094169359  .0013062494
  .0094130882  .0012971150
  .0094092406  .0012881113
  .0094053930  .0012792383
  .0094015454  .0012704960
  .0093976978  .0012618843
  .0093938501  .0012534032
  .0093900025  .0012450527
  .0093861549  .0012368330
  .0093823073  .0012287440
  .0093784597  .0012207856
  .0093746121  .0012129579
  .0093707644  .0012052607
  .0093669168  .0011976943
  .0093630691  .0011902586
  .0093592215  .0011829535
  .0093553739  .0011757791
  .0093515263  .0011687353
  .0093476786  .0011618221
  .0093438310  .0011550397
  .0093399834  .0011483880
  .0093361358  .0011418669
  .0093322882  .0011354764
  .0093284406  .0011292167
  .0093245929  .0011230875
  .0093207453  .0011170890
  .0093168977  .0011112212
  .0093130501  .0011054841
  .0093092025  .0010998776
  .0093053549  .0010944018
  .0093015081  .0010890579
  .0092976605  .0010838434
  .0092938129  .0010787595
  .0092899653  .0010738063
  .0092861176  .0010689837
  .0092822700  .0010642919
  .0092784224  .0010597306
  .0092745748  .0010553001
  .0092707272  .0010510002
  .0092668796  .0010468310
  .0092630320  .0010427924
  .0092591840  .0010388657
  .0092553359  .0010349696
  .0092514878  .0010310947
  .0092476397  .0010272409
  .0092437916  .0010234084
  .0092399435  .0010195971
  .0092360953  .0010158069
  .0092322472  .0010120380
  .0092283991  .0010082902
  .0092245510  .0010045637
  .0092207029  .0010008584
  .0092168548  .0009971742
  .0092130067  .0009935113
  .0092091585  .0009898695
  .0092053105  .0009862490
  .0092014624  .0009826497
  .0091976142  .0009790715
  .0091937662  .0009755146
  .0091899180  .0009719787
  .0091860699  .0009684642
  .0091822218  .0009649708
  .0091783737  .0009614987
  .0091745256  .0009580477
  .0091706774  .0009546179
  .0091668294  .0009512093
  .0091629813  .0009478220
  .0091591341  .0009444566
  .0091552860  .0009411116
  .0091514379  .0009377878
  .0091475898  .0009344852
  .0091437417  .0009312038
  .0091398935  .0009279436
  .0091360454  .0009247046
  .0091321973  .0009214869
  .0091283492  .0009182902
  .0091245011  .0009151148
  .0091206530  .0009119606
  .0091168049  .0009088276
  .0091129568  .0009057158
  .0091091086  .0009026252
  .0091052606  .0008995558
  .0091014124  .0008965075
  .0090975643  .0008934805
  .0090937162  .0008904746
  .0090898681  .0008874901
  .0090860200  .0008845266
  .0090821719  .0008815844
  .0090783238  .0008786633
  .0090744756  .0008757635
  .0090706276  .0008728849
  .0090667795  .0008700275
  .0090629313  .0008671912
  .0090590833  .0008643762
  .0090552351  .0008615823
  .0090513870  .0008588096
  .0090475388  .0008560582
  .0090436908  .0008533279
  .0090398427  .0008506189
  .0090359945  .0008479310
  .0090321465  .0008452644
  .0090282984  .0008426189
  .0090244502  .0008399946
  .0090206030  .0008373921
  .0090167550  .0008348104
  .0090129068  .0008322496
  .0090090587  .0008297101
  .0090052105  .0008271918
  .0090013625  .0008246948
  .0089975144  .0008222189
  .0089936662  .0008197641
  .0089898182  .0008173307
  .0089859700  .0008149184
  .0089821219  .0008125273
  .0089782739  .0008101574
  .0089744257  .0008078087
  .0089705776  .0008054812
  .0089667294  .0008031748
  .0089628814  .0008008898
  .0089590333  .0007986259
  .0089551851  .0007963831
  .0089513371  .0007941616
  .0089474889  .0007919613
  .0089436408  .0007897821
  .0089397928  .0007876242
  .0089359446  .0007854875
  .0089320965  .0007833720
  .0089282483  .0007812776
  .0089244003  .0007792045
  .0089205521  .0007771525
  .0089167040  .0007751218
  .0089128561  .0007731123
  .0089090078  .0007711239
  .0089051597  .0007691568
  .0089013117  .0007672109
  .0088974635  .0007652861
  .0088936154  .0007633825
  .0088897672  .0007615001
  .0088859193  .0007596390
  .0088820710  .0007577990
  .0088782239  .0007559807
  .0088743758  .0007541831
  .0088705277  .0007524068
  .0088666796  .0007506516
  .0088628315  .0007489176
  .0088589834  .0007472049
  .0088551353  .0007455133
  .0088512871  .0007438429
  .0088474390  .0007421937
  .0088435910  .0007405657
  .0088397428  .0007389589
  .0088358947  .0007373733
  .0088320466  .0007358089
  .0088281985  .0007342657
  .0088243504  .0007327437
  .0088205022  .0007312429
  .0088166547  .0007297592
  .0088128072  .0007282811
  .0088089598  .0007268082
  .0088051124  .0007253403
  .0088012650  .0007238774
  .0087974175  .0007224196
  .0087935701  .0007209669
  .0087897228  .0007195192
  .0087858754  .0007180766
  .0087820279  .0007166391
  .0087781804  .0007152066
  .0087743331  .0007137792
  .0087704856  .0007123568
  .0087666382  .0007109395
  .0087627909  .0007095273
  .0087589435  .0007081202
  .0087550960  .0007067181
  .0087512485  .0007053210
  .0087474012  .0007039290
  .0087435538  .0007025422
  .0087397073  .0007011606
  .0087358599  .0006997839
  .0087320124  .0006984121
  .0087281651  .0006970455
  .0087243176  .0006956838
  .0087204701  .0006943273
  .0087166227  .0006929758
  .0087127754  .0006916294
  .0087089280  .0006902881
  .0087050805  .0006889517
  .0087012331  .0006876205
  .0086973857  .0006862943
  .0086935383  .0006849732
  .0086896909  .0006836572
  .0086858435  .0006823462
  .0086819960  .0006810403
  .0086781486  .0006797394
  .0086743011  .0006784436
  .0086704538  .0006771529
  .0086666064  .0006758673
  .0086627591  .0006745867
  .0086589115  .0006733111
  .0086550641  .0006720406
  .0086512167  .0006707752
  .0086473693  .0006695148
  .0086435219  .0006682595
  .0086396745  .0006670093
  .0086358270  .0006657641
  .0086319797  .0006645240
  .0086281322  .0006632889
  .0086242848  .0006620590
  .0086204375  .0006608341
  .0086165900  .0006596142
  .0086127425  .0006583994
  .0086088951  .0006571897
  .0086050477  .0006559850
  .0086012004  .0006547854
  .0085973539  .0006535911
  .0085935064  .0006524016
  .0085896590  .0006512172
  .0085858116  .0006500378
  .0085819642  .0006488636
  .0085781167  .0006476943
  .0085742693  .0006465301
  .0085704220  .0006453710
  .0085665746  .0006442170
  .0085627270  .0006430680
  .0085588797  .0006419240
  .0085550323  .0006407852
  .0085511849  .0006396514
  .0085473374  .0006385226
  .0085434900  .0006373989
  .0085396426  .0006362803
  .0085357952  .0006351668
  .0085319477  .0006340583
  .0085281004  .0006329549
  .0085242530  .0006318565
  .0085204055  .0006307632
  .0085165581  .0006296750
  .0085127107  .0006285918
  .0085088633  .0006275137
  .0085050158  .0006264406
  .0085011684  .0006253726
  .0084973210  .0006243097
  .0084934736  .0006232518
  .0084896263  .0006221990
  .0084857788  .0006211513
  .0084819314  .0006201086
  .0084780840  .0006190710
  .0084742365  .0006180384
  .0084703891  .0006170109
  .0084665417  .0006159885
  .0084626944  .0006149711
  .0084588478  .0006139591
  .0084550005  .0006129518
  .0084511530  .0006119496
  .0084473055  .0006109525
  .0084434581  .0006099604
  .0084396108  .0006089735
  .0084357633  .0006079915
  .0084319159  .0006070143
  .0084280682  .0006060404
  .0084242205  .0006050698
  .0084203731  .0006041024
  .0084165253  .0006031381
  .0084126778  .0006021771
  .0084088301  .0006012193
  .0084049826  .0006002647
  .0084011350  .0005993134
  .0083972874  .0005983652
  .0083934397  .0005974203
  .0083895922  .0005964786
  .0083857445  .0005955401
  .0083818970  .0005946048
  .0083780493  .0005936727
  .0083742019  .0005927438
  .0083703543  .0005918182
  .0083665066  .0005908957
  .0083626590  .0005899765
  .0083588114  .0005890605
  .0083549637  .0005881477
  .0083511162  .0005872381
  .0083472685  .0005863317
  .0083434210  .0005854286
  .0083395733  .0005845286
  .0083357256  .0005836319
  .0083318781  .0005827384
  .0083280305  .0005818481
  .0083241829  .0005809610
  .0083203352  .0005800771
  .0083164887  .0005791967
  .0083126411  .0005783192
  .0083087935  .0005774450
  .0083049459  .0005765740
  .0083010984  .0005757062
  .0082972506  .0005748416
  .0082934031  .0005739802
  .0082895554  .0005731220
  .0082857079  .0005722671
  .0082818602  .0005714153
  .0082780127  .0005705668
  .0082741650  .0005697215
  .0082703175  .0005688794
  .0082664698  .0005680405
  .0082626222  .0005672049
  .0082587746  .0005663724
  .0082549270  .0005655432
  .0082510794  .0005647171
  .0082472318  .0005638943
  .0082433841  .0005630747
  .0082395365  .0005622583
  .0082356889  .0005614452
  .0082318412  .0005606352
  .0082279940  .0005598285
  .0082241463  .0005590250
  .0082202987  .0005582247
  .0082164510  .0005574276
  .0082126035  .0005566337
  .0082087559  .0005558430
  .0082049083  .0005550556
  .0082010607  .0005542713
  .0081972130  .0005534903
  .0081933654  .0005527125
  .0081895179  .0005519379
  .0081856702  .0005511665
  .0081818226  .0005503983
  .0081779759  .0005496335
  .0081741283  .0005488717
  .0081702806  .0005481132
  .0081664331  .0005473579
  .0081625853  .0005466058
  .0081587379  .0005458569
  .0081548901  .0005451112
  .0081510427  .0005443688
  .0081471951  .0005436295
  .0081433474  .0005428935
  .0081395000  .0005421607
  .0081356525  .0005414311
  .0081318048  .0005407047
  .0081279573  .0005399815
  .0081241092  .0005392608
  .0081202611  .0005385414
  .0081164133  .0005378234
  .0081125653  .0005371068
  .0081087174  .0005363915
  .0081048696  .0005356776
  .0081010217  .0005349651
  .0080971738  .0005342539
  .0080933259  .0005335441
  .0080894778  .0005328356
  .0080856300  .0005321285
  .0080817821  .0005314228
  .0080779339  .0005307183
  .0080740861  .0005300154
  .0080702382  .0005293137
  .0080663903  .0005286134
  .0080625422  .0005279144
  .0080586943  .0005272169
  .0080548464  .0005265207
  .0080509985  .0005258258
  .0080471504  .0005251323
  .0080433028  .0005244402
  .0080394548  .0005237495
  .0080356077  .0005230602
  .0080317598  .0005223722
  .0080279119  .0005216855
  .0080240640  .0005210002
  .0080202159  .0005203162
  .0080163680  .0005196336
  .0080125201  .0005189524
  .0080086722  .0005182725
  .0080048244  .0005175940
  .0080009765  .0005169168
  .0079971285  .0005162410
  .0079932807  .0005155666
  .0079894326  .0005148935
  .0079855847  .0005142218
  .0079817368  .0005135515
  .0079778887  .0005128825
  .0079740409  .0005122149
  .0079701930  .0005115486
  .0079663451  .0005108837
  .0079624970  .0005102201
  .0079586491  .0005095580
  .0079548012  .0005088971
  .0079509535  .0005082377
  .0079471054  .0005075796
  .0079432575  .0005069229
  .0079394096  .0005062675
  .0079355617  .0005056135
  .0079317136  .0005049608
  .0079278658  .0005043095
  .0079240179  .0005036596
  .0079201699  .0005030110
  .0079163218  .0005023638
  .0079124740  .0005017180
  .0079086261  .0005010735
  .0079047781  .0005004304
  .0079009304  .0004997886
  .0078970832  .0004991481
  .0078932349  .0004985084
  .0078893869  .0004978696
  .0078855389  .0004972317
  .0078816909  .0004965948
  .0078778428  .0004959588
  .0078739946  .0004953237
  .0078701466  .0004946896
  .0078662985  .0004940564
  .0078624505  .0004934241
  .0078586025  .0004927928
  .0078547542  .0004921624
  .0078509063  .0004915329
  .0078470581  .0004909044
  .0078432102  .0004902768
  .0078393622  .0004896501
  .0078355139  .0004890243
  .0078316659  .0004883995
  .0078278179  .0004877757
  .0078239699  .0004871527
  .0078201219  .0004865307
  .0078162736  .0004859096
  .0078124256  .0004852895
  .0078085775  .0004846703
  .0078047295  .0004840520
  .0078008814  .0004834346
  .0077970332  .0004828182
  .0077931853  .0004822027
  .0077893376  .0004815883
  .0077854895  .0004809746
  .0077816416  .0004803619
  .0077777933  .0004797502
  .0077739453  .0004791393
  .0077700973  .0004785295
  .0077662493  .0004779205
  .0077624013  .0004773125
  .0077585530  .0004767054
  .0077547050  .0004760992
  .0077508570  .0004754940
  .0077470089  .0004748897
  .0077431609  .0004742863
  .0077393126  .0004736839
  .0077354646  .0004730824
  .0077316166  .0004724818
  .0077277686  .0004718822
  .0077239206  .0004712835
  .0077200727  .0004706857
  .0077162247  .0004700889
  .0077123767  .0004694930
  .0077085287  .0004688980
  .0077046806  .0004683040
  .0077008324  .0004677109
  .0076969845  .0004671187
  .0076931364  .0004665275
  .0076892884  .0004659372
  .0076854404  .0004653478
  .0076815923  .0004647593
  .0076777441  .0004641718
  .0076738961  .0004635852
  .0076700480  .0004629996
  .0076662000  .0004624148
  .0076623520  .0004618311
  .0076585037  .0004612482
  .0076546557  .0004606663
  .0076508081  .0004600853
  .0076469603  .0004595053
  .0076431123  .0004589262
  .0076392638  .0004583479
  .0076354161  .0004577707
  .0076315678  .0004571942
  .0076277196  .0004566185
  .0076238715  .0004560436
  .0076200233  .0004554695
  .0076161750  .0004548962
  .0076123268  .0004543237
  .0076084786  .0004537521
  .0076046305  .0004531812
  .0076007824  .0004526111
  .0075969341  .0004520419
  .0075930860  .0004514734
  .0075892378  .0004509058
  .0075853897  .0004503389
  .0075815416  .0004497729
  .0075776937  .0004492077
  .0075738456  .0004486432
  .0075699975  .0004480796
  .0075661492  .0004475168
  .0075623011  .0004469547
  .0075584529  .0004463935
  .0075546048  .0004458331
  .0075507565  .0004452734
  .0075469082  .0004447146
  .0075430600  .0004441566
  .0075392119  .0004435994
  .0075353638  .0004430430
  .0075315157  .0004424874
  .0075276674  .0004419326
  .0075238192  .0004413786
  .0075199711  .0004408254
  .0075161229  .0004402730
  .0075122747  .0004397214
  .0075084271  .0004391707
  .0075045788  .0004386207
  .0075007307  .0004380715
  .0074968825  .0004375231
  .0074930344  .0004369756
  .0074891861  .0004364288
  .0074853378  .0004358828
  .0074814897  .0004353377
  .0074776415  .0004347933
  .0074737934  .0004342498
  .0074699452  .0004337070
  .0074660971  .0004331651
  .0074622488  .0004326239
  .0074584006  .0004320836
  .0074545525  .0004315441
  .0074507044  .0004310053
  .0074468562  .0004304674
  .0074430079  .0004299303
  .0074391602  .0004293940
  .0074353120  .0004288585
  .0074314637  .0004283237
  .0074276156  .0004277898
  .0074237675  .0004272567
  .0074199192  .0004267244
  .0074160710  .0004261929
  .0074122229  .0004256622
  .0074083748  .0004251323
  .0074045267  .0004246033
  .0074006785  .0004240750
  .0073968302  .0004235475
  .0073929821  .0004230208
  .0073891339  .0004224949
  .0073852858  .0004219699
  .0073814376  .0004214456
  .0073775894  .0004209221
  .0073737413  .0004203995
  .0073698936  .0004198777
  .0073660454  .0004193566
  .0073621970  .0004188363
  .0073583489  .0004183169
  .0073545006  .0004177982
  .0073506527  .0004172804
  .0073468046  .0004167634
  .0073429564  .0004162472
  .0073391083  .0004157317
  .0073352600  .0004152171
  .0073314119  .0004147033
  .0073275638  .0004141902
  .0073237156  .0004136780
  .0073198671  .0004131666
  .0073160189  .0004126559
  .0073121710  .0004121461
  .0073083228  .0004116370
  .0073044749  .0004111287
  .0073006266  .0004106212
  .0072967789  .0004101145
  .0072929308  .0004096086
  .0072890828  .0004091034
  .0072852346  .0004085990
  .0072813866  .0004080953
  .0072775384  .0004075924
  .0072736903  .0004070901
  .0072698424  .0004065885
  .0072659943  .0004060877
  .0072621465  .0004055875
  .0072582984  .0004050881
  .0072544501  .0004045893
  .0072506021  .0004040912
  .0072467542  .0004035939
  .0072429060  .0004030972
  .0072390581  .0004026012
  .0072352098  .0004021059
  .0072313622  .0004016114
  .0072275144  .0004011175
  .0072236665  .0004006244
  .0072198184  .0004001319
  .0072159702  .0003996401
  .0072121224  .0003991491
  .0072082743  .0003986587
  .0072044260  .0003981689
  .0072005783  .0003976800
  .0071967301  .0003971917
  .0071928818  .0003967041
  .0071890341  .0003962172
  .0071851860  .0003957310
  .0071813380  .0003952455
  .0071774899  .0003947607
  .0071736418  .0003942766
  .0071697938  .0003937932
  .0071659457  .0003933105
  .0071620978  .0003928285
  .0071582503  .0003923473
  .0071544021  .0003918667
  .0071505542  .0003913868
  .0071467059  .0003909076
  .0071428582  .0003904291
  .0071390099  .0003899512
  .0071351618  .0003894741
  .0071313141  .0003889978
  .0071274658  .0003885220
  .0071236177  .0003880470
  .0071197699  .0003875727
  .0071159216  .0003870990
  .0071120738  .0003866261
  .0071082256  .0003861539
  .0071043775  .0003856824
  .0071005297  .0003852116
  .0070966816  .0003847414
  .0070928334  .0003842720
  .0070889859  .0003838033
  .0070851379  .0003833353
  .0070812899  .0003828680
  .0070774418  .0003824013
  .0070735939  .0003819354
  .0070697458  .0003814702
  .0070658977  .0003810056
  .0070620500  .0003805418
  .0070582017  .0003800786
  .0070543535  .0003796162
  .0070505055  .0003791544
  .0070466576  .0003786934
  .0070428094  .0003782331
  .0070389615  .0003777734
  .0070351134  .0003773145
  .0070312655  .0003768562
  .0070274172  .0003763986
  .0070235692  .0003759418
  .0070197214  .0003754857
  .0070158735  .0003750302
  .0070120257  .0003745755
  .0070081776  .0003741214
  .0070043297  .0003736681
  .0070004816  .0003732154
  .0069966336  .0003727633
  .0069927857  .0003723119
  .0069889376  .0003718612
  .0069850897  .0003714111
  .0069812417  .0003709617
  .0069773936  .0003705128
  .0069735456  .0003700647
  .0069696977  .0003696172
  .0069658496  .0003691704
  .0069620015  .0003687242
  .0069581536  .0003682786
  .0069543057  .0003678337
  .0069504576  .0003673895
  .0069466101  .0003669459
  .0069427618  .0003665030
  .0069389140  .0003660607
  .0069350660  .0003656191
  .0069312182  .0003651781
  .0069273699  .0003647377
  .0069235220  .0003642980
  .0069196742  .0003638590
  .0069158262  .0003634206
  .0069119781  .0003629828
  .0069081306  .0003625455
  .0069042824  .0003621088
  .0069004344  .0003616725
  .0068965866  .0003612369
  .0068927386  .0003608018
  .0068888905  .0003603672
  .0068850428  .0003599332
  .0068811950  .0003594998
  .0068773474  .0003590669
  .0068734997  .0003586345
  .0068696515  .0003582027
  .0068658035  .0003577713
  .0068619557  .0003573406
  .0068581081  .0003569104
  .0068542600  .0003564808
  .0068504119  .0003560516
  .0068465642  .0003556231
  .0068427161  .0003551951
  .0068388681  .0003547676
  .0068350204  .0003543407
  .0068311724  .0003539143
  .0068273244  .0003534884
  .0068234762  .0003530631
  .0068196288  .0003526384
  .0068157807  .0003522141
  .0068119328  .0003517905
  .0068080854  .0003513674
  .0068042373  .0003509448
  .0068003896  .0003505228
  .0067965415  .0003501013
  .0067926936  .0003496804
  .0067888455  .0003492599
  .0067849980  .0003488401
  .0067811500  .0003484208
  .0067773019  .0003480020
  .0067734541  .0003475838
  .0067696061  .0003471661
  .0067657580  .0003467490
  .0067619103  .0003463324
  .0067580626  .0003459164
  .0067542145  .0003455009
  .0067503664  .0003450859
  .0067465187  .0003446716
  .0067426706  .0003442577
  .0067388227  .0003438444
  .0067349756  .0003434317
  .0067311274  .0003430194
  .0067272794  .0003426077
  .0067234316  .0003421966
  .0067195836  .0003417860
  .0067157355  .0003413759
  .0067118879  .0003409665
  .0067080399  .0003405575
  .0067041918  .0003401491
  .0067003437  .0003397412
  .0066964960  .0003393339
  .0066926482  .0003389271
  .0066888002  .0003385209
  .0066849525  .0003381152
  .0066811044  .0003377100
  .0066772563  .0003373054
  .0066734087  .0003369014
  .0066695605  .0003364979
  .0066657131  .0003360949
  .0066618654  .0003356925
  .0066580174  .0003352907
  .0066541694  .0003348893
  .0066503215  .0003344885
  .0066464735  .0003340883
  .0066426256  .0003336886
  .0066387777  .0003332894
  .0066349300  .0003328908
  .0066310820  .0003324928
  .0066272339  .0003320952
  .0066233861  .0003316983
  .0066195382  .0003313018
  .0066156902  .0003309060
  .0066118425  .0003305106
  .0066079943  .0003301158
  .0066041463  .0003297215
  .0066002985  .0003293279
  .0065964511  .0003289347
  .0065926031  .0003285421
  .0065887554  .0003281501
  .0065849073  .0003277585
  .0065810593  .0003273675
  .0065772113  .0003269771
  .0065733634  .0003265872
  .0065695158  .0003261979
  .0065656677  .0003258091
  .0065618199  .0003254208
  .0065579717  .0003250331
  .0065541242  .0003246459
  .0065502760  .0003242592
  .0065464281  .0003238731
  .0065425802  .0003234876
  .0065387324  .0003231025
  .0065348841  .0003227180
  .0065310364  .0003223341
  .0065271889  .0003219507
  .0065233407  .0003215678
  .0065194932  .0003211855
  .0065156449  .0003208037
  .0065117971  .0003204224
  .0065079492  .0003200417
  .0065041014  .0003196615
  .0065002531  .0003192818
  .0064964056  .0003189027
  .0064925573  .0003185241
  .0064887095  .0003181461
  .0064848615  .0003177686
  .0064810137  .0003173916
  .0064771655  .0003170151
  .0064733180  .0003166393
  .0064694697  .0003162639
  .0064656219  .0003158891
  .0064617740  .0003155148
  .0064579261  .0003151411
  .0064540783  .0003147679
  .0064502307  .0003143953
  .0064463827  .0003140231
  .0064425346  .0003136515
  .0064386870  .0003132805
  .0064348389  .0003129100
  .0064309909  .0003125400
  .0064271431  .0003121705
  .0064232951  .0003118016
  .0064194470  .0003114333
  .0064155994  .0003110655
  .0064117513  .0003106982
  .0064079033  .0003103314
  .0064040553  .0003099652
  .0064002075  .0003095995
  .0063963592  .0003092344
  .0063925118  .0003088698
  .0063886635  .0003085057
  .0063848160  .0003081422
  .0063809684  .0003077793
  .0063771202  .0003074168
  .0063732723  .0003070549
  .0063694245  .0003066935
  .0063655763  .0003063327
  .0063617284  .0003059724
  .0063578806  .0003056126
  .0063540326  .0003052534
  .0063501847  .0003048947
  .0063463369  .0003045366
  .0063424889  .0003041790
  .0063386408  .0003038219
  .0063347932  .0003034654
  .0063309450  .0003031093
  .0063270971  .0003027539
  .0063232493  .0003023990
  .0063194013  .0003020446
  .0063155536  .0003016908
  .0063117059  .0003013375
  .0063078578  .0003009847
  .0063040097  .0003006325
  .0063001620  .0003002808
  .0062963141  .0002999296
  .0062924659  .0002995790
  .0062886182  .0002992289
  .0062847704  .0002988794
  .0062809221  .0002985304
  .0062770746  .0002981819
  .0062732264  .0002978340
  .0062693785  .0002974866
  .0062655307  .0002971397
  .0062616826  .0002967934
  .0062578347  .0002964476
  .0062539870  .0002961024
  .0062501390  .0002957577
  .0062462914  .0002954135
  .0062424436  .0002950699
  .0062385957  .0002947267
  .0062347479  .0002943842
  .0062308997  .0002940421
  .0062270516  .0002937005
  .0062232038  .0002933596
  .0062193558  .0002930191
  .0062155081  .0002926792
  .0062116603  .0002923398
  .0062078121  .0002920010
  .0062039644  .0002916627
  .0062001163  .0002913249
  .0061962686  .0002909876
  .0061924207  .0002906509
  .0061885726  .0002903147
  .0061847248  .0002899791
  .0061808770  .0002896440
  .0061770291  .0002893094
  .0061731816  .0002889754
  .0061693334  .0002886418
  .0061654855  .0002883088
  .0061616372  .0002879762
  .0061577892  .0002876441
  .0061539414  .0002873125
  .0061500934  .0002869814
  .0061462452  .0002866508
  .0061423975  .0002863206
  .0061385493  .0002859909
  .0061347012  .0002856617
  .0061308531  .0002853330
  .0061270052  .0002850047
  .0061231573  .0002846769
  .0061193091  .0002843496
  .0061154612  .0002840227
  .0061116132  .0002836963
  .0061077651  .0002833703
  .0061039177  .0002830449
  .0061000698  .0002827199
  .0060962216  .0002823953
  .0060923736  .0002820712
  .0060885257  .0002817476
  .0060846776  .0002814244
  .0060808297  .0002811017
  .0060769820  .0002807795
  .0060731338  .0002804577
  .0060692859  .0002801364
  .0060654377  .0002798155
  .0060615897  .0002794951
  .0060577418  .0002791752
  .0060538935  .0002788558
  .0060500454  .0002785368
  .0060461975  .0002782183
  .0060423493  .0002779002
  .0060385015  .0002775826
  .0060346540  .0002772655
  .0060308059  .0002769488
  .0060269578  .0002766326
  .0060231099  .0002763169
  .0060192618  .0002760016
  .0060154139  .0002756868
  .0060115660  .0002753725
  .0060077181  .0002750586
  .0060038701  .0002747452
  .0060000219  .0002744322
  .0059961740  .0002741198
  .0059923261  .0002738078
  .0059884779  .0002734962
  .0059846300  .0002731851
  .0059807819  .0002728745
  .0059769339  .0002725643
  .0059730862  .0002722546
  .0059692381  .0002719454
  .0059653904  .0002716366
  .0059615423  .0002713283
  .0059576947  .0002710205
  .0059538464  .0002707131
  .0059499983  .0002704062
  .0059461504  .0002700998
  .0059423026  .0002697938
  .0059384542  .0002694882
  .0059346066  .0002691832
  .0059307583  .0002688786
  .0059269104  .0002685745
  .0059230623  .0002682708
  .0059192144  .0002679676
  .0059153662  .0002676648
  .0059115185  .0002673626
  .0059076701  .0002670607
  .0059038221  .0002667594
  .0058999743  .0002664585
  .0058961265  .0002661581
  .0058922783  .0002658581
  .0058884307  .0002655586
  .0058845825  .0002652596
  .0058807345  .0002649610
  .0058768866  .0002646629
  .0058730386  .0002643653
  .0058691903  .0002640681
  .0058653428  .0002637714
  .0058614943  .0002634751
  .0058576463  .0002631793
  .0058537985  .0002628840
  .0058499507  .0002625891
  .0058461023  .0002622947
  .0058422544  .0002620008
  .0058384063  .0002617073
  .0058345585  .0002614143
  .0058307102  .0002611217
  .0058268625  .0002608297
  .0058230150  .0002605381
  .0058191668  .0002602469
  .0058153188  .0002599562
  .0058114708  .0002596660
  .0058076230  .0002593762
  .0058037748  .0002590869
  .0057999267  .0002587981
  .0057960787  .0002585097
  .0057922309  .0002582218
  .0057883829  .0002579344
  .0057845349  .0002576474
  .0057806868  .0002573608
  .0057768389  .0002570748
  .0057729907  .0002567892
  .0057691426  .0002565040
  .0057652948  .0002562194
  .0057614468  .0002559352
  .0057575986  .0002556514
  .0057537510  .0002553682
  .0057499029  .0002550854
  .0057460552  .0002548030
  .0057422071  .0002545211
  .0057383590  .0002542397
  .0057345109  .0002539587
  .0057306629  .0002536782
  .0057268150  .0002533982
  .0057229669  .0002531186
  .0057191188  .0002528394
  .0057152710  .0002525607
  .0057114229  .0002522825
  .0057075748  .0002520047
  .0057037267  .0002517274
  .0056998788  .0002514505
  .0056960307  .0002511741
  .0056921827  .0002508981
  .0056883346  .0002506225
  .0056844870  .0002503472
  .0056806389  .0002500724
  .0056767912  .0002497979
  .0056729431  .0002495239
  .0056690948  .0002492501
  .0056652467  .0002489768
  .0056613988  .0002487039
  .0056575507  .0002484313
  .0056537025  .0002481591
  .0056498547  .0002478874
  .0056460064  .0002476160
  .0056421585  .0002473449
  .0056383105  .0002470743
  .0056344624  .0002468041
  .0056306143  .0002465342
  .0056267664  .0002462647
  .0056229183  .0002459956
  .0056190700  .0002457269
  .0056152221  .0002454585
  .0056113745  .0002451906
  .0056075266  .0002449230
  .0056036785  .0002446559
  .0055998304  .0002443890
  .0055959824  .0002441226
  .0055921343  .0002438566
  .0055882860  .0002435909
  .0055844380  .0002433256
  .0055805899  .0002430608
  .0055767418  .0002427962
  .0055728939  .0002425321
  .0055690461  .0002422684
  .0055651977  .0002420050
  .0055613498  .0002417421
  .0055575017  .0002414795
  .0055536536  .0002412173
  .0055498057  .0002409555
  .0055459575  .0002406940
  .0055421101  .0002404330
  .0055382622  .0002401723
  .0055344139  .0002399120
  .0055305657  .0002396521
  .0055267177  .0002393926
  .0055228696  .0002391335
  .0055190217  .0002388747
  .0055151736  .0002386163
  .0055113252  .0002383583
  .0055074774  .0002381007
  .0055036292  .0002378435
  .0054997814  .0002375867
  .0054959334  .0002373302
  .0054920853  .0002370742
  .0054882373  .0002368185
  .0054843890  .0002365632
  .0054805410  .0002363082
  .0054766929  .0002360537
  .0054728456  .0002357996
  .0054689976  .0002355458
  .0054651493  .0002352924
  .0054613014  .0002350394
  .0054574530  .0002347868
  .0054536049  .0002345345
  .0054497571  .0002342827
  .0054459089  .0002340312
  .0054420610  .0002337801
  .0054382128  .0002335294
  .0054343647  .0002332791
  .0054305166  .0002330291
  .0054266688  .0002327796
  .0054228207  .0002325304
  .0054189728  .0002322816
  .0054151246  .0002320332
  .0054112764  .0002317852
  .0054074284  .0002315376
  .0054035805  .0002312903
  .0053997329  .0002310435
  .0053958849  .0002307970
  .0053920367  .0002305509
  .0053881886  .0002303051
  .0053843407  .0002300598
  .0053804923  .0002298148
  .0053766441  .0002295702
  .0053727963  .0002293261
  .0053689482  .0002290823
  .0053651002  .0002288388
  .0053612525  .0002285958
  .0053574043  .0002283531
  .0053535561  .0002281109
  .0053497080  .0002278690
  .0053458600  .0002276275
  .0053420120  .0002273863
  .0053381639  .0002271456
  .0053343158  .0002269052
  .0053304685  .0002266653
  .0053266204  .0002264257
  .0053227721  .0002261865
  .0053189241  .0002259477
  .0053150760  .0002257092
  .0053112278  .0002254712
  .0053073798  .0002252335
  .0053035319  .0002249962
  .0052996835  .0002247593
  .0052958356  .0002245228
  .0052919877  .0002242866
  .0052881397  .0002240509
  .0052842917  .0002238155
  .0052804435  .0002235805
  .0052765957  .0002233459
  .0052727473  .0002231117
  .0052688993  .0002228778
  .0052650512  .0002226444
  .0052612035  .0002224113
  .0052573558  .0002221786
  .0052535077  .0002219463
  .0052496594  .0002217144
  .0052458114  .0002214829
  .0052419634  .0002212517
  .0052381154  .0002210209
  .0052342676  .0002207906
  .0052304192  .0002205606
  .0052265715  .0002203310
  .0052227230  .0002201018
  .0052188750  .0002198730
  .0052150272  .0002196445
  .0052111790  .0002194165
  .0052073311  .0002191889
  .0052034832  .0002189616
  .0051996348  .0002187347
  .0051957868  .0002185082
  .0051919394  .0002182822
  .0051880911  .0002180564
  .0051842431  .0002178311
  .0051803954  .0002176062
  .0051765471  .0002173816
  .0051726992  .0002171575
  .0051688511  .0002169337
  .0051650030  .0002167104
  .0051611551  .0002164874
  .0051573068  .0002162648
  .0051534588  .0002160425
  .0051496111  .0002158207
  .0051457627  .0002155993
  .0051419147  .0002153782
  .0051380667  .0002151576
  .0051342185  .0002149373
  .0051303708  .0002147175
  .0051265225  .0002144980
  .0051226745  .0002142789
  .0051188270  .0002140602
  .0051149790  .0002138419
  .0051111307  .0002136239
  .0051072827  .0002134064
  .0051034347  .0002131892
  .0050995868  .0002129724
  .0050957388  .0002127561
  .0050918904  .0002125401
  .0050880427  .0002123245
  .0050841947  .0002121093
  .0050803464  .0002118944
  .0050764986  .0002116800
  .0050726507  .0002114660
  .0050688025  .0002112523
  .0050649543  .0002110390
  .0050611064  .0002108261
  .0050572585  .0002106135
  .0050534099  .0002104013
  .0050495625  .0002101895
  .0050457146  .0002099780
  .0050418662  .0002097669
  .0050380182  .0002095562
  .0050341703  .0002093458
  .0050303223  .0002091358
  .0050264743  .0002089262
  .0050226260  .0002087169
  .0050187777  .0002085080
  .0050149301  .0002082995
  .0050110820  .0002080913
  .0050072337  .0002078835
  .0050033858  .0002076761
  .0049995378  .0002074690
  .0049956895  .0002072623
  .0049918416  .0002070559
  .0049879937  .0002068500
  .0049841453  .0002066443
  .0049802979  .0002064391
  .0049764500  .0002062343
  .0049726020  .0002060297
  .0049687535  .0002058256
  .0049649054  .0002056218
  .0049610578  .0002054184
  .0049572095  .0002052153
  .0049533615  .0002050127
  .0049495134  .0002048104
  .0049456654  .0002046084
  .0049418174  .0002044068
  .0049379692  .0002042056
  .0049341209  .0002040047
  .0049302730  .0002038043
  .0049264248  .0002036041
  .0049225769  .0002034044
  .0049187290  .0002032050
  .0049148807  .0002030060
  .0049110332  .0002028073
  .0049071854  .0002026091
  .0049033372  .0002024111
  .0048994887  .0002022136
  .0048956408  .0002020164
  .0048917931  .0002018196
  .0048879448  .0002016231
  .0048840968  .0002014270
  .0048802487  .0002012313
  .0048764003  .0002010359
  .0048725526  .0002008409
  .0048687046  .0002006463
  .0048648563  .0002004520
  .0048610084  .0002002581
  .0048571606  .0002000646
  .0048533123  .0001998714
  .0048494642  .0001996786
  .0048456160  .0001994862
  .0048417678  .0001992941
  .0048379205  .0001991025
  .0048340725  .0001989111
  .0048302244  .0001987202
  .0048263762  .0001985295
  .0048225286  .0001983393
  .0048186803  .0001981494
  .0048148319  .0001979599
  .0048109840  .0001977708
  .0048071361  .0001975820
  .0048032879  .0001973936
  .0047994400  .0001972056
  .0047955921  .0001970179
  .0047917436  .0001968306
  .0047878957  .0001966437
  .0047840478  .0001964571
  .0047801995  .0001962709
  .0047763515  .0001960850
  .0047725036  .0001958995
  .0047686558  .0001957144
  .0047648079  .0001955297
  .0047609596  .0001953453
  .0047571113  .0001951613
  .0047532637  .0001949777
  .0047494156  .0001947944
  .0047455673  .0001946114
  .0047417193  .0001944289
  .0047378715  .0001942467
  .0047340230  .0001940649
  .0047301751  .0001938834
  .0047263272  .0001937024
  .0047224789  .0001935216
  .0047186308  .0001933413
  .0047147831  .0001931613
  .0047109348  .0001929817
  .0047070867  .0001928024
  .0047032388  .0001926235
  .0046993915  .0001924450
  .0046955430  .0001922669
  .0046916950  .0001920891
  .0046878471  .0001919116
  .0046839987  .0001917346
  .0046801510  .0001915579
  .0046763029  .0001913816
  .0046724546  .0001912056
  .0046686066  .0001910300
  .0046647587  .0001908548
  .0046609105  .0001906799
  .0046570626  .0001905054
  .0046532146  .0001903313
  .0046493661  .0001901575
  .0046455184  .0001899841
  .0046416705  .0001898111
  .0046378220  .0001896384
  .0046339740  .0001894661
  .0046301267  .0001892942
  .0046262783  .0001891226
  .0046224303  .0001889514
  .0046185824  .0001887806
  .0046147340  .0001886101
  .0046108863  .0001884400
  .0046070382  .0001882703
  .0046031899  .0001881009
  .0045993419  .0001879319
  .0045954939  .0001877632
  .0045916458  .0001875949
  .0045877979  .0001874270
  .0045839498  .0001872595
  .0045801013  .0001870923
  .0045762537  .0001869255
  .0045724057  .0001867591
  .0045685573  .0001865930
  .0045647093  .0001864273
  .0045608614  .0001862619
  .0045570140  .0001860970
  .0045531655  .0001859323
  .0045493176  .0001857681
  .0045454697  .0001856042
  .0045416214  .0001854407
  .0045377735  .0001852775
  .0045339252  .0001851146
  .0045300769  .0001849522
  .0045262294  .0001847901
  .0045223811  .0001846283
  .0045185332  .0001844669
  .0045146849  .0001843058
  .0045108366  .0001841451
  .0045069887  .0001839847
  .0045031404  .0001838247
  .0044992924  .0001836651
  .0044954446  .0001835058
  .0044915963  .0001833468
  .0044877487  .0001831883
  .0044839005  .0001830300
  .0044800524  .0001828721
  .0044762047  .0001827146
  .0044723564  .0001825574
  .0044685084  .0001824006
  .0044646601  .0001822441
  .0044608122  .0001820880
  .0044569642  .0001819322
  .0044531160  .0001817767
  .0044492677  .0001816215
  .0044454201  .0001814667
  .0044415719  .0001813121
  .0044377235  .0001811578
  .0044338756  .0001810038
  .0044300278  .0001808502
  .0044261795  .0001806968
  .0044223315  .0001805438
  .0044184840  .0001803910
  .0044146357  .0001802386
  .0044107874  .0001800864
  .0044069394  .0001799346
  .0044030912  .0001797831
  .0043992434  .0001796318
  .0043953954  .0001794809
  .0043915471  .0001793303
  .0043876987  .0001791800
  .0043838512  .0001790300
  .0043800029  .0001788803
  .0043761546  .0001787309
  .0043723065  .0001785818
  .0043684587  .0001784330
  .0043646105  .0001782845
  .0043607626  .0001781363
  .0043569144  .0001779883
  .0043530661  .0001778407
  .0043492188  .0001776933
  .0043453707  .0001775462
  .0043415224  .0001773995
  .0043376749  .0001772530
  .0043338268  .0001771067
  .0043299785  .0001769608
  .0043261303  .0001768151
  .0043222822  .0001766698
  .0043184345  .0001765247
  .0043145864  .0001763799
  .0043107382  .0001762354
  .0043068901  .0001760912
  .0043030419  .0001759472
  .0042991941  .0001758036
  .0042953461  .0001756602
  .0042914980  .0001755172
  .0042876497  .0001753744
  .0042838016  .0001752318
  .0042799538  .0001750896
  .0042761060  .0001749477
  .0042722581  .0001748060
  .0042684099  .0001746647
  .0042645617  .0001745236
  .0042607140  .0001743828
  .0042568657  .0001742423
  .0042530176  .0001741020
  .0042491695  .0001739621
  .0042453214  .0001738224
  .0042414737  .0001736831
  .0042376255  .0001735440
  .0042337773  .0001734052
  .0042299293  .0001732667
  .0042260815  .0001731285
  .0042222334  .0001729905
  .0042183853  .0001728529
  .0042145370  .0001727155
  .0042106888  .0001725784
  .0042068416  .0001724416
  .0042029934  .0001723051
  .0041991453  .0001721688
  .0041952975  .0001720329
  .0041914491  .0001718972
  .0041876009  .0001717618
  .0041837532  .0001716267
  .0041799050  .0001714919
  .0041760573  .0001713573
  .0041722087  .0001712229
  .0041683610  .0001710889
  .0041645128  .0001709551
  .0041606651  .0001708216
  .0041568166  .0001706884
  .0041529688  .0001705555
  .0041491206  .0001704228
  .0041452729  .0001702904
  .0041414248  .0001701582
  .0041375769  .0001700264
  .0041337291  .0001698948
  .0041298811  .0001697634
  .0041260332  .0001696324
  .0041221847  .0001695016
  .0041183370  .0001693711
  .0041144892  .0001692408
  .0041106411  .0001691109
  .0041067930  .0001689811
  .0041029447  .0001688517
  .0040990971  .0001687226
  .0040952487  .0001685937
  .0040914006  .0001684650
  .0040875524  .0001683367
  .0040837045  .0001682086
  .0040798564  .0001680808
  .0040760084  .0001679533
  .0040721606  .0001678260
  .0040683127  .0001676990
  .0040644650  .0001675723
  .0040606168  .0001674459
  .0040567688  .0001673197
  .0040529205  .0001671938
  .0040490727  .0001670682
  .0040452250  .0001669428
  .0040413765  .0001668177
  .0040375288  .0001666929
  .0040336806  .0001665683
  .0040298328  .0001664441
  .0040259843  .0001663200
  .0040221365  .0001661963
  .0040182884  .0001660728
  .0040144406  .0001659497
  .0040105921  .0001658267
  .0040067444  .0001657041
  .0040028965  .0001655817
  .0039990482  .0001654596
  .0039952008  .0001653378
  .0039913523  .0001652162
  .0039875046  .0001650949
  .0039836564  .0001649739
  .0039798086  .0001648531
  .0039759606  .0001647326
  .0039721123  .0001646124
  .0039682646  .0001644925
  .0039644164  .0001643728
  .0039605683  .0001642534
  .0039567202  .0001641343
  .0039528724  .0001640154
  .0039490241  .0001638969
  .0039451760  .0001637785
  .0039413280  .0001636605
  .0039374802  .0001635427
  .0039336324  .0001634252
  .0039297839  .0001633080
  .0039259365  .0001631911
  .0039220883  .0001630744
  .0039182406  .0001629580
  .0039143924  .0001628418
  .0039105441  .0001627259
  .0039066964  .0001626103
  .0039028481  .0001624950
  .0038990004  .0001623800
  .0038951519  .0001622652
  .0038913041  .0001621507
  .0038874560  .0001620364
  .0038836082  .0001619224
  .0038797597  .0001618087
  .0038759120  .0001616953
  .0038720644  .0001615822
  .0038682161  .0001614693
  .0038643685  .0001613566
  .0038605199  .0001612443
  .0038566722  .0001611322
  .0038528240  .0001610204
  .0038489762  .0001609089
  .0038451277  .0001607976
  .0038412800  .0001606866
  .0038374324  .0001605759
  .0038335842  .0001604655
  .0038297361  .0001603553
  .0038258879  .0001602454
  .0038220401  .0001601358
  .0038181918  .0001600264
  .0038143437  .0001599173
  .0038104955  .0001598085
  .0038066477  .0001596999
  .0038028002  .0001595917
  .0037989519  .0001594836
  .0037951040  .0001593759
  .0037912557  .0001592684
  .0037874080  .0001591613
  .0037835597  .0001590543
  .0037797117  .0001589477
  .0037758635  .0001588413
  .0037720157  .0001587352
  .0037681683  .0001586294
  .0037643197  .0001585238
  .0037604720  .0001584185
  .0037566237  .0001583135
  .0037527760  .0001582087
  .0037489274  .0001581042
  .0037450797  .0001580000
  .0037412314  .0001578961
  .0037373837  .0001577924
  .0037335361  .0001576890
  .0037296876  .0001575859
  .0037258398  .0001574830
  .0037219915  .0001573805
  .0037181437  .0001572781
  .0037142953  .0001571761
  .0037104475  .0001570743
  .0037065993  .0001569728
  .0037027515  .0001568716
  .0036989037  .0001567707
  .0036950555  .0001566700
  .0036912078  .0001565696
  .0036873595  .0001564694
  .0036835115  .0001563695
  .0036796632  .0001562699
  .0036758155  .0001561706
  .0036719673  .0001560715
  .0036681193  .0001559728
  .0036642718  .0001558743
  .0036604235  .0001557760
  .0036565757  .0001556780
  .0036527275  .0001555803
  .0036488795  .0001554829
  .0036450312  .0001553857
  .0036411835  .0001552889
  .0036373353  .0001551922
  .0036334871  .0001550959
  .0036296396  .0001549998
  .0036257913  .0001549040
  .0036219436  .0001548085
  .0036180951  .0001547132
  .0036142473  .0001546182
  .0036103990  .0001545235
  .0036065514  .0001544291
  .0036027028  .0001543349
  .0035988550  .0001542410
  .0035950071  .0001541473
  .0035911593  .0001540540
  .0035873114  .0001539609
  .0035834631  .0001538681
  .0035796151  .0001537755
  .0035757672  .0001536833
  .0035719192  .0001535912
  .0035680710  .0001534995
  .0035642230  .0001534080
  .0035603750  .0001533168
  .0035565273  .0001532259
  .0035526791  .0001531353
  .0035488311  .0001530449
  .0035449831  .0001529548
  .0035411350  .0001528650
  .0035372870  .0001527754
  .0035334388  .0001526861
  .0035295909  .0001525971
  .0035257430  .0001525083
  .0035218950  .0001524198
  .0035180469  .0001523316
  .0035141990  .0001522437
  .0035103509  .0001521560
  .0035065029  .0001520686
  .0035026548  .0001519815
  .0034988068  .0001518946
  .0034949588  .0001518081
  .0034911109  .0001517218
  .0034872629  .0001516357
  .0034834149  .0001515499
  .0034795669  .0001514644
  .0034757189  .0001513792
  .0034718708  .0001512942
  .0034680228  .0001512095
  .0034641749  .0001511251
  .0034603267  .0001510409
  .0034564787  .0001509570
  .0034526309  .0001508733
  .0034487829  .0001507900
  .0034449348  .0001507068
  .0034410866  .0001506240
  .0034372386  .0001505414
  .0034333906  .0001504591
  .0034295425  .0001503770
  .0034256945  .0001502952
  .0034218464  .0001502137
  .0034179986  .0001501324
  .0034141505  .0001500514
  .0034103026  .0001499707
  .0034064545  .0001498902
  .0034026064  .0001498100
  .0033987585  .0001497301
  .0033949105  .0001496504
  .0033910624  .0001495710
  .0033872143  .0001494918
  .0033833666  .0001494130
  .0033795185  .0001493343
  .0033756704  .0001492560
  .0033718225  .0001491779
  .0033679745  .0001491001
  .0033641264  .0001490225
  .0033602783  .0001489452
  .0033564304  .0001488682
  .0033525823  .0001487914
  .0033487344  .0001487149
  .0033448864  .0001486387
  .0033410385  .0001485627
  .0033371901  .0001484870
  .0033333421  .0001484116
  .0033294942  .0001483364
  .0033256460  .0001482615
  .0033217980  .0001481869
  .0033179500  .0001481125
  .0033141021  .0001480384
  .0033102541  .0001479645
  .0033064061  .0001478909
  .0033025581  .0001478176
  .0032987101  .0001477445
  .0032948620  .0001476718
  .0032910139  .0001475992
  .0032871660  .0001475270
  .0032833180  .0001474550
  .0032794698  .0001473832
  .0032756219  .0001473118
  .0032717741  .0001472406
  .0032679261  .0001471696
  .0032640782  .0001470990
  .0032602301  .0001470286
  .0032563820  .0001469585
  .0032525341  .0001468887
  .0032486861  .0001468191
  .0032448379  .0001467498
  .0032409903  .0001466808
  .0032371420  .0001466121
  .0032332942  .0001465436
  .0032294462  .0001464754
  .0032255982  .0001464074
  .0032217501  .0001463398
  .0032179021  .0001462724
  .0032140541  .0001462053
  .0032102061  .0001461384
  .0032063585  .0001460719
  .0032025104  .0001460056
  .0031986625  .0001459396
  .0031948144  .0001458738
  .0031909663  .0001458083
  .0031871184  .0001457431
  .0031832703  .0001456782
  .0031794223  .0001456135
  .0031755743  .0001455491
  .0031717266  .0001454850
  .0031678786  .0001454211
  .0031640306  .0001453575
  .0031601825  .0001452941
  .0031563346  .0001452310
  .0031524864  .0001451682
  .0031486387  .0001451056
  .0031447907  .0001450433
  .0031409425  .0001449813
  .0031370949  .0001449195
  .0031332469  .0001448579
  .0031293990  .0001447967
  .0031255509  .0001447356
  .0031217029  .0001446749
  .0031178547  .0001446143
  .0031140067  .0001445540
  .0031101585  .0001444939
  .0031063107  .0001444340
  .0031024627  .0001443744
  .0030986147  .0001443150
  .0030947665  .0001442559
  .0030909187  .0001441970
  .0030870706  .0001441383
  .0030832225  .0001440798
  .0030793746  .0001440216
  .0030755263  .0001439636
  .0030716784  .0001439059
  .0030678306  .0001438484
  .0030639824  .0001437911
  .0030601344  .0001437341
  .0030562864  .0001436772
  .0030524382  .0001436207
  .0030485902  .0001435643
  .0030447422  .0001435082
  .0030408940  .0001434523
  .0030370461  .0001433967
  .0030331980  .0001433413
  .0030293500  .0001432861
  .0030255020  .0001432312
  .0030216541  .0001431765
  .0030178060  .0001431220
  .0030139579  .0001430678
  .0030101099  .0001430138
  .0030062617  .0001429600
  .0030024137  .0001429065
  .0029985657  .0001428532
  .0029947180  .0001428002
  .0029908698  .0001427473
  .0029870217  .0001426948
  .0029831738  .0001426424
  .0029793255  .0001425903
  .0029754776  .0001425384
  .0029716296  .0001424867
  .0029677814  .0001424353
  .0029639334  .0001423841
  .0029600855  .0001423332
  .0029562374  .0001422825
  .0029523894  .0001422320
  .0029485415  .0001421817
  .0029446933  .0001421317
  .0029408453  .0001420820
  .0029369971  .0001420324
  .0029331490  .0001419832
  .0029293011  .0001419342
  .0029254532  .0001418854
  .0029216050  .0001418369
  .0029177571  .0001417886
  .0029139089  .0001417406
  .0029100609  .0001416928
  .0029062129  .0001416452
  .0029023646  .0001415980
  .0028985166  .0001415509
  .0028946686  .0001415042
  .0028908207  .0001414576
  .0028869727  .0001414113
  .0028831246  .0001413653
  .0028792764  .0001413195
  .0028754283  .0001412740
  .0028715804  .0001412287
  .0028677322  .0001411837
  .0028638841  .0001411389
  .0028600361  .0001410944
  .0028561881  .0001410501
  .0028523401  .0001410060
  .0028484921  .0001409622
  .0028446439  .0001409187
  .0028407958  .0001408754
  .0028369479  .0001408324
  .0028330998  .0001407896
  .0028292517  .0001407470
  .0028254036  .0001407047
  .0028215557  .0001406627
  .0028177076  .0001406209
  .0028138597  .0001405793
  .0028100114  .0001405380
  .0028061633  .0001404970
  .0028023153  .0001404562
  .0027984672  .0001404156
  .0027946193  .0001403753
  .0027907712  .0001403353
  .0027869231  .0001402955
  .0027830752  .0001402559
  .0027792271  .0001402166
  .0027753790  .0001401776
  .0027715309  .0001401388
  .0027676829  .0001401002
  .0027638347  .0001400619
  .0027599866  .0001400239
  .0027561386  .0001399860
  .0027522905  .0001399485
  .0027484427  .0001399112
  .0027445947  .0001398741
  .0027407464  .0001398373
  .0027368985  .0001398007
  .0027330505  .0001397644
  .0027292023  .0001397284
  .0027253543  .0001396925
  .0027215061  .0001396570
  .0027176580  .0001396217
  .0027138102  .0001395866
  .0027099621  .0001395518
  .0027061140  .0001395172
  .0027022660  .0001394829
  .0026984180  .0001394488
  .0026945699  .0001394150
  .0026907219  .0001393814
  .0026868737  .0001393481
  .0026830255  .0001393150
  .0026791778  .0001392822
  .0026753297  .0001392496
  .0026714817  .0001392173
  .0026676336  .0001391852
  .0026637855  .0001391534
  .0026599373  .0001391218
  .0026560892  .0001390905
  .0026522413  .0001390594
  .0026483931  .0001390286
  .0026445453  .0001389980
  .0026406972  .0001389677
  .0026368491  .0001389376
  .0026330010  .0001389078
  .0026291530  .0001388782
  .0026253048  .0001388489
  .0026214569  .0001388199
  .0026176087  .0001387911
  .0026137607  .0001387625
  .0026099127  .0001387341
  .0026060648  .0001387060
  .0026022165  .0001386781
  .0025983683  .0001386504
  .0025945203  .0001386228
  .0025906720  .0001385955
  .0025868239  .0001385684
  .0025829758  .0001385415
  .0025791278  .0001385148
  .0025752799  .0001384883
  .0025714317  .0001384619
  .0025675836  .0001384358
  .0025637356  .0001384099
  .0025598874  .0001383842
  .0025560394  .0001383587
  .0025521910  .0001383334
  .0025483430  .0001383083
  .0025444948  .0001382834
  .0025406470  .0001382587
  .0025367988  .0001382342
  .0025329507  .0001382099
  .0025291026  .0001381858
  .0025252545  .0001381619
  .0025214063  .0001381382
  .0025175582  .0001381147
  .0025137101  .0001380914
  .0025098620  .0001380683
  .0025060137  .0001380454
  .0025021660  .0001380228
  .0024983179  .0001380003
  .0024944697  .0001379780
  .0024906214  .0001379559
  .0024867734  .0001379340
  .0024829253  .0001379123
  .0024790772  .0001378909
  .0024752292  .0001378696
  .0024713809  .0001378485
  .0024675329  .0001378276
  .0024636849  .0001378070
  .0024598369  .0001377865
  .0024559886  .0001377662
  .0024521405  .0001377462
  .0024482924  .0001377263
  .0024444442  .0001377066
  .0024405961  .0001376872
  .0024367481  .0001376679
  .0024329001  .0001376488
  .0024290520  .0001376300
  .0024252038  .0001376113
  .0024213556  .0001375928
  .0024175077  .0001375746
  .0024136595  .0001375565
  .0024098113  .0001375387
  .0024059632  .0001375210
  .0024021151  .0001375036
  .0023982671  .0001374863
  .0023944190  .0001374693
  .0023905708  .0001374525
  .0023867228  .0001374360
  .0023828747  .0001374197
  .0023790265  .0001374036
  .0023751784  .0001373878
  .0023713303  .0001373723
  .0023674822  .0001373570
  .0023636343  .0001373419
  .0023597861  .0001373271
  .0023559378  .0001373125
  .0023520897  .0001372982
  .0023482416  .0001372842
  .0023443935  .0001372703
  .0023405455  .0001372568
  .0023366973  .0001372434
  .0023328492  .0001372304
  .0023290013  .0001372175
  .0023251531  .0001372049
  .0023213050  .0001371926
  .0023174569  .0001371805
  .0023136087  .0001371687
  .0023097605  .0001371571
  .0023059124  .0001371457
  .0023020643  .0001371346
  .0022982162  .0001371238
  .0022943683  .0001371132
  .0022905201  .0001371028
  .0022866719  .0001370927
  .0022828239  .0001370828
  .0022789758  .0001370732
  .0022751277  .0001370638
  .0022712796  .0001370546
  .0022674315  .0001370457
  .0022635835  .0001370369
  .0022597355  .0001370284
  .0022558874  .0001370200
  .0022520393  .0001370119
  .0022481913  .0001370040
  .0022443431  .0001369963
  .0022404950  .0001369887
  .0022366470  .0001369814
  .0022327989  .0001369743
  .0022289507  .0001369674
  .0022251025  .0001369607
  .0022212547  .0001369543
  .0022174067  .0001369480
  .0022135585  .0001369419
  .0022097104  .0001369360
  .0022058624  .0001369304
  .0022020141  .0001369249
  .0021981662  .0001369197
  .0021943180  .0001369146
  .0021904700  .0001369098
  .0021866221  .0001369051
  .0021827740  .0001369007
  .0021789258  .0001368965
  .0021750777  .0001368925
  .0021712296  .0001368887
  .0021673815  .0001368851
  .0021635334  .0001368817
  .0021596853  .0001368785
  .0021558371  .0001368755
  .0021519894  .0001368727
  .0021481411  .0001368701
  .0021442931  .0001368677
  .0021404450  .0001368656
  .0021365968  .0001368636
  .0021327489  .0001368619
  .0021289007  .0001368603
  .0021250526  .0001368590
  .0021212044  .0001368579
  .0021173565  .0001368569
  .0021135085  .0001368562
  .0021096603  .0001368557
  .0021058122  .0001368554
  .0021019640  .0001368553

