 89
 .003748 .034225
 .005254 .030476
 .003050 .036061
 .002232 .044729
 .004411 .037047
 .003561 .037604
 -.000970 .028845
 .001430 .045563
 .004703 .033162
 .006346 .039256
 .001377 .035770
 .000449 .036987
 .002775 .038363
 .002028 .029409
 .002299 .029261
 .001821 .034917
 .000457 .036059
 .008209 .038944
 .004690 .040809
 -.000069 .028275
 .002155 .029984
 .004220 .035942
 .001754 .034711
 .002023 .032027
 .002462 .024911
 .004200 .031547
 .003313 .033658
 .001853 .043067
 .006864 .046104
 .003174 .030474
 .001330 .033124
 .001191 .028770
 .001845 .036336
 .001956 .035746
 .001296 .033991
 .000920 .036437
 .005468 .030368
 .002480 .040487
 .002187 .032122
 .000995 .048195
 .001849 .027878
 .003308 .038102
 .000868 .034218
 .004946 .035377
 -.001126 .030716
 .001907 .025092
 .002999 .032469
 .003122 .033338
 .002128 .035132
 .001910 .029220
 .001902 .029090
 .003216 .035885
 .004296 .026990
 .000371 .045144
 .004798 .046351
 .001511 .030168
 .003440 .039785
 .002259 .035393
 .002529 .032115
 .002829 .030069
 .002201 .033319
 .003781 .023641
 -.000083 .030838
 .002018 .034340
 .000659 .030586
 .003995 .035235
 .001368 .036356
 .003866 .034226
 .003047 .039768
 .003172 .042155
 .005693 .053099
 .004033 .031358
 .002569 .025676
 .001774 .036991
 .002167 .026031
 .004241 .033421
 .003242 .027458
 .000651 .029354
 .001916 .031914
 .002755 .036497
 .002480 .028115
 .004750 .034749
 .002645 .029507
 .003342 .045996
 .000039 .032916
 .002306 .026214
 .002421 .035977
 .004007 .035529
 .003263 .046543
 1 1 1.000000
 1 2 .169599
 1 3 .282126
 1 4 .256150
 1 5 .420913
 1 6 .493473
 1 7 .383985
 1 8 .342678
 1 9 .227698
 1 10 .341189
 1 11 .204100
 1 12 .206360
 1 13 .352118
 1 14 .299080
 1 15 .304513
 1 16 .310452
 1 17 .288624
 1 18 .255731
 1 19 .498055
 1 20 .327585
 1 21 .384145
 1 22 .251654
 1 23 .320735
 1 24 .313059
 1 25 .248104
 1 26 .347169
 1 27 .451506
 1 28 .255272
 1 29 .364327
 1 30 .207271
 1 31 .294984
 1 32 .342115
 1 33 .285291
 1 34 .293060
 1 35 .377035
 1 36 .264400
 1 37 .205011
 1 38 .352726
 1 39 .258737
 1 40 .152305
 1 41 .323502
 1 42 .229817
 1 43 .358845
 1 44 .548195
 1 45 .277757
 1 46 .188812
 1 47 .350728
 1 48 .317354
 1 49 .252096
 1 50 .366956
 1 51 .390219
 1 52 .359467
 1 53 .316784
 1 54 .196109
 1 55 .153519
 1 56 .203489
 1 57 .319185
 1 58 .305682
 1 59 .298051
 1 60 .327673
 1 61 .295715
 1 62 .382286
 1 63 .244049
 1 64 .236321
 1 65 .373599
 1 66 .294772
 1 67 .135415
 1 68 .439520
 1 69 .295305
 1 70 .376196
 1 71 .157164
 1 72 .233170
 1 73 .378613
 1 74 .256878
 1 75 .317843
 1 76 .209799
 1 77 .318097
 1 78 .308835
 1 79 .338496
 1 80 .446822
 1 81 .398948
 1 82 .123455
 1 83 .310327
 1 84 .235339
 1 85 .241057
 1 86 .365122
 1 87 .196632
 1 88 .325126
 1 89 .147102
 2 2 1.000000
 2 3 .108874
 2 4 .168115
 2 5 .266227
 2 6 .291169
 2 7 .156167
 2 8 .146791
 2 9 .108278
 2 10 .218066
 2 11 .174412
 2 12 .223987
 2 13 .137744
 2 14 .131186
 2 15 .173966
 2 16 .209993
 2 17 .219688
 2 18 .141412
 2 19 .289213
 2 20 .075832
 2 21 .213492
 2 22 .279290
 2 23 .068647
 2 24 .139222
 2 25 .098381
 2 26 .183984
 2 27 .211545
 2 28 .113827
 2 29 .241490
 2 30 .092826
 2 31 .133796
 2 32 .154218
 2 33 .004328
 2 34 .148905
 2 35 .071864
 2 36 .175113
 2 37 .909412
 2 38 .225511
 2 39 .164387
 2 40 .148110
 2 41 .083553
 2 42 .264821
 2 43 .072611
 2 44 .305565
 2 45 .076256
 2 46 .156487
 2 47 .126375
 2 48 .219229
 2 49 .266910
 2 50 .177579
 2 51 .196028
 2 52 .106991
 2 53 .170547
 2 54 .161574
 2 55 .193789
 2 56 .159224
 2 57 .143117
 2 58 .141191
 2 59 .180765
 2 60 .135021
 2 61 .213742
 2 62 .153639
 2 63 .093647
 2 64 .098003
 2 65 .124185
 2 66 .163935
 2 67 .113686
 2 68 .225485
 2 69 .155014
 2 70 .248069
 2 71 .055919
 2 72 .042729
 2 73 .236877
 2 74 .177073
 2 75 .090441
 2 76 .154308
 2 77 .215822
 2 78 .164106
 2 79 .204064
 2 80 .256520
 2 81 .190120
 2 82 .099085
 2 83 .232593
 2 84 .159448
 2 85 .157207
 2 86 .239582
 2 87 .043924
 2 88 .106626
 2 89 .071266
 3 3 1.000000
 3 4 .080148
 3 5 .246958
 3 6 .260795
 3 7 .286037
 3 8 .141441
 3 9 .148070
 3 10 .206515
 3 11 .244321
 3 12 .193189
 3 13 .179590
 3 14 .224661
 3 15 .139794
 3 16 .275912
 3 17 .130954
 3 18 .128498
 3 19 .221376
 3 20 .168424
 3 21 .210487
 3 22 .099152
 3 23 .152687
 3 24 .182655
 3 25 .114700
 3 26 .037973
 3 27 .264424
 3 28 .136518
 3 29 .177224
 3 30 .139705
 3 31 .205050
 3 32 .317140
 3 33 .527439
 3 34 .163213
 3 35 .125948
 3 36 .081663
 3 37 .108263
 3 38 .110879
 3 39 .195350
 3 40 .154847
 3 41 .235567
 3 42 .020060
 3 43 .258393
 3 44 .236907
 3 45 .230319
 3 46 .233175
 3 47 .224120
 3 48 .139469
 3 49 .026234
 3 50 .187432
 3 51 .255328
 3 52 .166961
 3 53 .172678
 3 54 .080450
 3 55 .174315
 3 56 .077613
 3 57 .184244
 3 58 .091764
 3 59 .099959
 3 60 .097650
 3 61 .127009
 3 62 .229893
 3 63 .090466
 3 64 .091023
 3 65 .177173
 3 66 .111895
 3 67 .054502
 3 68 .194366
 3 69 .192525
 3 70 .147322
 3 71 .102854
 3 72 .204564
 3 73 .182466
 3 74 .170495
 3 75 .342846
 3 76 .165029
 3 77 .178628
 3 78 .258289
 3 79 .095112
 3 80 .135432
 3 81 .188495
 3 82 .133714
 3 83 .150469
 3 84 .117481
 3 85 .121911
 3 86 .201234
 3 87 .139643
 3 88 .209157
 3 89 .123615
 4 4 1.000000
 4 5 .307325
 4 6 .324102
 4 7 .301013
 4 8 .379879
 4 9 .355954
 4 10 .173163
 4 11 .183944
 4 12 .251167
 4 13 .354531
 4 14 .310348
 4 15 .293477
 4 16 .168641
 4 17 .153896
 4 18 .221136
 4 19 .259696
 4 20 .154439
 4 21 .311904
 4 22 .209322
 4 23 .257111
 4 24 .156504
 4 25 .189827
 4 26 .359832
 4 27 .297641
 4 28 .297031
 4 29 .278076
 4 30 .206193
 4 31 .333372
 4 32 .242867
 4 33 .157304
 4 34 .234146
 4 35 .326294
 4 36 .248510
 4 37 .207579
 4 38 .251991
 4 39 .161607
 4 40 .143900
 4 41 .180295
 4 42 .238052
 4 43 .265859
 4 44 .339522
 4 45 .325029
 4 46 .097249
 4 47 .371753
 4 48 .277211
 4 49 .417092
 4 50 .280342
 4 51 .271383
 4 52 .351014
 4 53 .277911
 4 54 .238021
 4 55 .148890
 4 56 .291526
 4 57 .319954
 4 58 .243868
 4 59 .232505
 4 60 .271326
 4 61 .210228
 4 62 .204406
 4 63 .248518
 4 64 .324011
 4 65 .201747
 4 66 .082401
 4 67 .100302
 4 68 .307274
 4 69 .118325
 4 70 .242484
 4 71 .334283
 4 72 .327078
 4 73 .289068
 4 74 .174003
 4 75 .249128
 4 76 .066097
 4 77 .213640
 4 78 .254893
 4 79 .192769
 4 80 .285746
 4 81 .247382
 4 82 .451338
 4 83 .249820
 4 84 .226710
 4 85 .257971
 4 86 .283305
 4 87 .332236
 4 88 .312144
 4 89 .301345
 5 5 1.000000
 5 6 .573651
 5 7 .273283
 5 8 .334155
 5 9 .210999
 5 10 .321043
 5 11 .232618
 5 12 .139028
 5 13 .335660
 5 14 .314761
 5 15 .315765
 5 16 .210245
 5 17 .186489
 5 18 .282701
 5 19 .577555
 5 20 .186713
 5 21 .356609
 5 22 .319199
 5 23 .248792
 5 24 .214023
 5 25 .248534
 5 26 .344185
 5 27 .428600
 5 28 .181899
 5 29 .451449
 5 30 .291821
 5 31 .309749
 5 32 .292711
 5 33 .238094
 5 34 .250613
 5 35 .240618
 5 36 .217308
 5 37 .289878
 5 38 .429273
 5 39 .340862
 5 40 .186980
 5 41 .255532
 5 42 .284568
 5 43 .306249
 5 44 .487215
 5 45 .244450
 5 46 .276861
 5 47 .273225
 5 48 .313334
 5 49 .245338
 5 50 .302259
 5 51 .347290
 5 52 .289040
 5 53 .270178
 5 54 .173511
 5 55 .120480
 5 56 .248130
 5 57 .315290
 5 58 .343972
 5 59 .252762
 5 60 .258163
 5 61 .237158
 5 62 .303015
 5 63 .184130
 5 64 .316872
 5 65 .234593
 5 66 .227204
 5 67 .152928
 5 68 .474751
 5 69 .231567
 5 70 .407969
 5 71 .252381
 5 72 .249550
 5 73 .387043
 5 74 .186173
 5 75 .221788
 5 76 .231522
 5 77 .224591
 5 78 .271199
 5 79 .396952
 5 80 .408829
 5 81 .332569
 5 82 .174326
 5 83 .277029
 5 84 .257568
 5 85 .187951
 5 86 .301556
 5 87 .158283
 5 88 .326521
 5 89 .185856
 6 6 1.000000
 6 7 .311591
 6 8 .351631
 6 9 .242605
 6 10 .350975
 6 11 .301191
 6 12 .152272
 6 13 .365833
 6 14 .337918
 6 15 .308429
 6 16 .231396
 6 17 .310861
 6 18 .366952
 6 19 .545757
 6 20 .239705
 6 21 .401390
 6 22 .244997
 6 23 .321133
 6 24 .273888
 6 25 .227371
 6 26 .370725
 6 27 .537410
 6 28 .182556
 6 29 .437670
 6 30 .182332
 6 31 .402444
 6 32 .317521
 6 33 .237227
 6 34 .335011
 6 35 .319526
 6 36 .291162
 6 37 .327758
 6 38 .542877
 6 39 .315136
 6 40 .236471
 6 41 .381152
 6 42 .270284
 6 43 .311225
 6 44 .700592
 6 45 .283586
 6 46 .199018
 6 47 .272303
 6 48 .359940
 6 49 .336805
 6 50 .370288
 6 51 .405079
 6 52 .348381
 6 53 .325591
 6 54 .261055
 6 55 .152314
 6 56 .299578
 6 57 .423239
 6 58 .386182
 6 59 .298553
 6 60 .340287
 6 61 .391540
 6 62 .341852
 6 63 .271534
 6 64 .222734
 6 65 .325137
 6 66 .332103
 6 67 .177890
 6 68 .570490
 6 69 .289631
 6 70 .425194
 6 71 .167500
 6 72 .224281
 6 73 .417318
 6 74 .240642
 6 75 .244614
 6 76 .238785
 6 77 .191417
 6 78 .308246
 6 79 .491196
 6 80 .539408
 6 81 .402940
 6 82 .220308
 6 83 .351294
 6 84 .369351
 6 85 .163454
 6 86 .344398
 6 87 .220060
 6 88 .327689
 6 89 .245805
 7 7 1.000000
 7 8 .361274
 7 9 .359287
 7 10 .247275
 7 11 .357437
 7 12 .265977
 7 13 .275350
 7 14 .348609
 7 15 .336487
 7 16 .346258
 7 17 .292544
 7 18 .304120
 7 19 .336291
 7 20 .255986
 7 21 .381177
 7 22 .221326
 7 23 .310570
 7 24 .201652
 7 25 .337101
 7 26 .316623
 7 27 .356393
 7 28 .209257
 7 29 .272587
 7 30 .190890
 7 31 .429701
 7 32 .375978
 7 33 .254748
 7 34 .288376
 7 35 .365535
 7 36 .335353
 7 37 .190246
 7 38 .299552
 7 39 .212802
 7 40 .270512
 7 41 .380320
 7 42 .247775
 7 43 .435989
 7 44 .341216
 7 45 .234004
 7 46 .258189
 7 47 .251106
 7 48 .242016
 7 49 .319675
 7 50 .290036
 7 51 .487630
 7 52 .231315
 7 53 .319895
 7 54 .203647
 7 55 .192358
 7 56 .166074
 7 57 .322639
 7 58 .383183
 7 59 .273656
 7 60 .341898
 7 61 .195686
 7 62 .226637
 7 63 .435792
 7 64 .285674
 7 65 .162094
 7 66 .188151
 7 67 .185987
 7 68 .311291
 7 69 .179014
 7 70 .240594
 7 71 .111518
 7 72 .353801
 7 73 .371153
 7 74 .254861
 7 75 .329690
 7 76 .139718
 7 77 .274701
 7 78 .340544
 7 79 .211312
 7 80 .306145
 7 81 .373362
 7 82 .326330
 7 83 .246268
 7 84 .281236
 7 85 .377869
 7 86 .330812
 7 87 .295773
 7 88 .206784
 7 89 .232034
 8 8 1.000000
 8 9 .490154
 8 10 .287904
 8 11 .230783
 8 12 .152350
 8 13 .575618
 8 14 .408535
 8 15 .270009
 8 16 .225449
 8 17 .163113
 8 18 .370034
 8 19 .311002
 8 20 .308956
 8 21 .372469
 8 22 .260288
 8 23 .287111
 8 24 .348876
 8 25 .329179
 8 26 .274737
 8 27 .327132
 8 28 .310258
 8 29 .348779
 8 30 .283989
 8 31 .354319
 8 32 .254266
 8 33 .173542
 8 34 .316043
 8 35 .450260
 8 36 .294918
 8 37 .161561
 8 38 .327181
 8 39 .215674
 8 40 .164397
 8 41 .315831
 8 42 .267602
 8 43 .368605
 8 44 .358356
 8 45 .397948
 8 46 .178876
 8 47 .228708
 8 48 .211314
 8 49 .364970
 8 50 .290577
 8 51 .332482
 8 52 .234393
 8 53 .234812
 8 54 .326943
 8 55 .089187
 8 56 .274846
 8 57 .283518
 8 58 .409139
 8 59 .155790
 8 60 .245152
 8 61 .192482
 8 62 .315758
 8 63 .245939
 8 64 .589450
 8 65 .263991
 8 66 .184111
 8 67 .189850
 8 68 .406276
 8 69 .157069
 8 70 .274672
 8 71 .243005
 8 72 .336749
 8 73 .393735
 8 74 .202026
 8 75 .191769
 8 76 .231304
 8 77 .330504
 8 78 .373946
 8 79 .237235
 8 80 .361181
 8 81 .311569
 8 82 .479210
 8 83 .164366
 8 84 .316409
 8 85 .272282
 8 86 .287024
 8 87 .420324
 8 88 .216157
 8 89 .288358
 9 9 1.000000
 9 10 .238445
 9 11 .327266
 9 12 .099457
 9 13 .456152
 9 14 .392907
 9 15 .253715
 9 16 .176945
 9 17 .157316
 9 18 .282279
 9 19 .200053
 9 20 .317364
 9 21 .315056
 9 22 .252682
 9 23 .265592
 9 24 .197412
 9 25 .423685
 9 26 .242692
 9 27 .316523
 9 28 .265580
 9 29 .269400
 9 30 .230757
 9 31 .390536
 9 32 .384146
 9 33 .120830
 9 34 .288084
 9 35 .348990
 9 36 .351956
 9 37 .111743
 9 38 .297419
 9 39 .095463
 9 40 .205040
 9 41 .332078
 9 42 .261261
 9 43 .384789
 9 44 .290355
 9 45 .355408
 9 46 .214811
 9 47 .368248
 9 48 .098919
 9 49 .394411
 9 50 .234322
 9 51 .337483
 9 52 .205096
 9 53 .300759
 9 54 .265540
 9 55 .098079
 9 56 .315383
 9 57 .274248
 9 58 .368608
 9 59 .215272
 9 60 .291681
 9 61 .054871
 9 62 .297664
 9 63 .233920
 9 64 .398251
 9 65 .123887
 9 66 .103459
 9 67 .139385
 9 68 .318038
 9 69 .099020
 9 70 .286708
 9 71 .146699
 9 72 .470014
 9 73 .284903
 9 74 .306249
 9 75 .256844
 9 76 .159418
 9 77 .233690
 9 78 .333000
 9 79 .182994
 9 80 .299076
 9 81 .316766
 9 82 .469054
 9 83 .092799
 9 84 .279654
 9 85 .369523
 9 86 .249242
 9 87 .544239
 9 88 .223875
 9 89 .348475
 10 10 1.000000
 10 11 .161768
 10 12 .091938
 10 13 .262041
 10 14 .298760
 10 15 .141224
 10 16 .135257
 10 17 .080119
 10 18 .206800
 10 19 .337674
 10 20 .242483
 10 21 .250934
 10 22 .286737
 10 23 .270062
 10 24 .219859
 10 25 .261290
 10 26 .193003
 10 27 .296461
 10 28 .127942
 10 29 .504427
 10 30 .222872
 10 31 .107917
 10 32 .261897
 10 33 .190709
 10 34 .452350
 10 35 .169499
 10 36 .191848
 10 37 .237903
 10 38 .355320
 10 39 .218381
 10 40 .129390
 10 41 .183278
 10 42 .225860
 10 43 .197678
 10 44 .356115
 10 45 .317359
 10 46 .220417
 10 47 .170527
 10 48 .216848
 10 49 .257820
 10 50 .249750
 10 51 .209867
 10 52 .196968
 10 53 .226575
 10 54 .193323
 10 55 .038543
 10 56 .242680
 10 57 .260738
 10 58 .259767
 10 59 .188642
 10 60 .299002
 10 61 .260374
 10 62 .322485
 10 63 .166180
 10 64 .275435
 10 65 .246849
 10 66 .184849
 10 67 .125862
 10 68 .317603
 10 69 .141628
 10 70 .319133
 10 71 .151391
 10 72 .169485
 10 73 .378058
 10 74 .185854
 10 75 .299604
 10 76 .306618
 10 77 .203852
 10 78 .321407
 10 79 .317997
 10 80 .376897
 10 81 .339249
 10 82 .144724
 10 83 .210011
 10 84 .085859
 10 85 .137777
 10 86 .206945
 10 87 .169100
 10 88 .252398
 10 89 .102656
 11 11 1.000000
 11 12 .292391
 11 13 .302112
 11 14 .275169
 11 15 .206871
 11 16 .318868
 11 17 .227088
 11 18 .249375
 11 19 .272524
 11 20 .223288
 11 21 .303838
 11 22 .145650
 11 23 .208568
 11 24 .215210
 11 25 .300209
 11 26 .250225
 11 27 .300165
 11 28 .220645
 11 29 .286300
 11 30 .083122
 11 31 .386146
 11 32 .234399
 11 33 .138807
 11 34 .196103
 11 35 .233265
 11 36 .122633
 11 37 .209863
 11 38 .205071
 11 39 .226470
 11 40 .261237
 11 41 .297348
 11 42 .118953
 11 43 .258026
 11 44 .277536
 11 45 .285841
 11 46 .316949
 11 47 .255296
 11 48 .107970
 11 49 .281368
 11 50 .251169
 11 51 .267134
 11 52 .211786
 11 53 .223120
 11 54 .192635
 11 55 .252213
 11 56 .134494
 11 57 .153710
 11 58 .362079
 11 59 .164416
 11 60 .206381
 11 61 .151656
 11 62 .200995
 11 63 .239081
 11 64 .254857
 11 65 .099763
 11 66 .226507
 11 67 .179875
 11 68 .286827
 11 69 .158711
 11 70 .152964
 11 71 .122704
 11 72 .313939
 11 73 .340148
 11 74 .197862
 11 75 .249582
 11 76 .202254
 11 77 .167570
 11 78 .329233
 11 79 .267377
 11 80 .277484
 11 81 .197674
 11 82 .282552
 11 83 .140503
 11 84 .194820
 11 85 .297062
 11 86 .242823
 11 87 .302284
 11 88 .263431
 11 89 .343247
 12 12 1.000000
 12 13 .120213
 12 14 .164998
 12 15 .227923
 12 16 .656806
 12 17 .618447
 12 18 .238323
 12 19 .137415
 12 20 .232066
 12 21 .238286
 12 22 .158990
 12 23 .151955
 12 24 .192751
 12 25 .210480
 12 26 .197956
 12 27 .242143
 12 28 .138376
 12 29 .130345
 12 30 .183365
 12 31 .302704
 12 32 .206116
 12 33 .093825
 12 34 .133801
 12 35 .196650
 12 36 .102120
 12 37 .226508
 12 38 .130235
 12 39 .262088
 12 40 .198650
 12 41 .178478
 12 42 .121311
 12 43 .206456
 12 44 .149733
 12 45 .126628
 12 46 .092250
 12 47 .095276
 12 48 .269696
 12 49 .145188
 12 50 .194721
 12 51 .272433
 12 52 .107654
 12 53 .140182
 12 54 .116065
 12 55 .412461
 12 56 .093731
 12 57 .179918
 12 58 .174175
 12 59 .181053
 12 60 .231050
 12 61 .235533
 12 62 .150756
 12 63 .345743
 12 64 .139029
 12 65 .142535
 12 66 .207314
 12 67 .225114
 12 68 .195493
 12 69 .217621
 12 70 .144688
 12 71 .077849
 12 72 .206829
 12 73 .153030
 12 74 .197008
 12 75 .196808
 12 76 .121478
 12 77 .316801
 12 78 .316358
 12 79 .176838
 12 80 .228381
 12 81 .216443
 12 82 .150109
 12 83 .276579
 12 84 .101809
 12 85 .145976
 12 86 .233036
 12 87 .154722
 12 88 .129533
 12 89 .053414
 13 13 1.000000
 13 14 .408566
 13 15 .382332
 13 16 .248040
 13 17 .207191
 13 18 .295072
 13 19 .355450
 13 20 .378227
 13 21 .360021
 13 22 .279278
 13 23 .321246
 13 24 .265208
 13 25 .337448
 13 26 .345777
 13 27 .352152
 13 28 .337830
 13 29 .273358
 13 30 .302694
 13 31 .385350
 13 32 .368854
 13 33 .186265
 13 34 .299837
 13 35 .368588
 13 36 .337479
 13 37 .163628
 13 38 .409122
 13 39 .174993
 13 40 .286151
 13 41 .312087
 13 42 .303805
 13 43 .358569
 13 44 .394061
 13 45 .383745
 13 46 .283914
 13 47 .389726
 13 48 .174186
 13 49 .430005
 13 50 .337416
 13 51 .361444
 13 52 .282874
 13 53 .374487
 13 54 .311589
 13 55 .140673
 13 56 .272675
 13 57 .312423
 13 58 .438634
 13 59 .331447
 13 60 .318564
 13 61 .161667
 13 62 .320958
 13 63 .238524
 13 64 .561229
 13 65 .272586
 13 66 .161356
 13 67 .143520
 13 68 .408234
 13 69 .119357
 13 70 .365929
 13 71 .198162
 13 72 .410036
 13 73 .390765
 13 74 .280353
 13 75 .284232
 13 76 .264457
 13 77 .292717
 13 78 .293363
 13 79 .331411
 13 80 .454186
 13 81 .398356
 13 82 .431083
 13 83 .164858
 13 84 .306997
 13 85 .332301
 13 86 .314805
 13 87 .400536
 13 88 .243954
 13 89 .301100
 14 14 1.000000
 14 15 .381755
 14 16 .219014
 14 17 .210983
 14 18 .363524
 14 19 .352652
 14 20 .339188
 14 21 .352435
 14 22 .230029
 14 23 .316593
 14 24 .294937
 14 25 .393775
 14 26 .313420
 14 27 .350048
 14 28 .376813
 14 29 .353385
 14 30 .276265
 14 31 .329068
 14 32 .324773
 14 33 .223285
 14 34 .245102
 14 35 .307276
 14 36 .315860
 14 37 .140492
 14 38 .393385
 14 39 .226385
 14 40 .278833
 14 41 .356279
 14 42 .164243
 14 43 .359052
 14 44 .386101
 14 45 .266240
 14 46 .257220
 14 47 .325945
 14 48 .125568
 14 49 .315099
 14 50 .324536
 14 51 .355309
 14 52 .328198
 14 53 .266580
 14 54 .271522
 14 55 .120685
 14 56 .307105
 14 57 .306573
 14 58 .354137
 14 59 .264636
 14 60 .305898
 14 61 .114892
 14 62 .327700
 14 63 .305553
 14 64 .387122
 14 65 .168795
 14 66 .165024
 14 67 .178998
 14 68 .369056
 14 69 .147682
 14 70 .302446
 14 71 .099492
 14 72 .382425
 14 73 .331490
 14 74 .367501
 14 75 .323617
 14 76 .278812
 14 77 .308779
 14 78 .444214
 14 79 .264088
 14 80 .281646
 14 81 .391295
 14 82 .435851
 14 83 .098777
 14 84 .207672
 14 85 .286159
 14 86 .288408
 14 87 .404082
 14 88 .319157
 14 89 .317382
 15 15 1.000000
 15 16 .291992
 15 17 .241489
 15 18 .291028
 15 19 .271716
 15 20 .292964
 15 21 .290401
 15 22 .344053
 15 23 .234788
 15 24 .288634
 15 25 .342249
 15 26 .421842
 15 27 .356865
 15 28 .217767
 15 29 .273289
 15 30 .296998
 15 31 .453585
 15 32 .376849
 15 33 .107465
 15 34 .256643
 15 35 .281566
 15 36 .317307
 15 37 .196580
 15 38 .352897
 15 39 .203945
 15 40 .195047
 15 41 .384217
 15 42 .162509
 15 43 .348427
 15 44 .301827
 15 45 .228641
 15 46 .251829
 15 47 .334985
 15 48 .216488
 15 49 .305118
 15 50 .275148
 15 51 .407312
 15 52 .350192
 15 53 .326405
 15 54 .245177
 15 55 .135701
 15 56 .191709
 15 57 .230427
 15 58 .325218
 15 59 .400702
 15 60 .375698
 15 61 .085228
 15 62 .286741
 15 63 .319064
 15 64 .288085
 15 65 .250850
 15 66 .183047
 15 67 .188856
 15 68 .354937
 15 69 .166944
 15 70 .328728
 15 71 .080127
 15 72 .347922
 15 73 .228289
 15 74 .233371
 15 75 .341273
 15 76 .189413
 15 77 .317165
 15 78 .298796
 15 79 .275315
 15 80 .297971
 15 81 .442001
 15 82 .237452
 15 83 .147867
 15 84 .200336
 15 85 .269217
 15 86 .226809
 15 87 .342134
 15 88 .300088
 15 89 .200777
 16 16 1.000000
 16 17 .618987
 16 18 .261362
 16 19 .291998
 16 20 .307858
 16 21 .346964
 16 22 .220764
 16 23 .155429
 16 24 .194139
 16 25 .245390
 16 26 .169981
 16 27 .265419
 16 28 .127759
 16 29 .203605
 16 30 .210276
 16 31 .401838
 16 32 .272736
 16 33 .123418
 16 34 .114226
 16 35 .278860
 16 36 .175938
 16 37 .230835
 16 38 .204000
 16 39 .269971
 16 40 .261226
 16 41 .265691
 16 42 .216961
 16 43 .244836
 16 44 .190827
 16 45 .205694
 16 46 .188968
 16 47 .134048
 16 48 .186633
 16 49 .198685
 16 50 .219900
 16 51 .366480
 16 52 .146138
 16 53 .150827
 16 54 .252899
 16 55 .457782
 16 56 .060463
 16 57 .188217
 16 58 .182403
 16 59 .209090
 16 60 .293707
 16 61 .188407
 16 62 .192565
 16 63 .293144
 16 64 .192599
 16 65 .158423
 16 66 .184579
 16 67 .220347
 16 68 .231676
 16 69 .164311
 16 70 .200326
 16 71 .091095
 16 72 .240415
 16 73 .221196
 16 74 .215262
 16 75 .189198
 16 76 .111192
 16 77 .311161
 16 78 .307795
 16 79 .223500
 16 80 .265671
 16 81 .261686
 16 82 .176920
 16 83 .236653
 16 84 .220410
 16 85 .144815
 16 86 .180139
 16 87 .218622
 16 88 .252591
 16 89 .142342
 17 17 1.000000
 17 18 .278151
 17 19 .286671
 17 20 .226873
 17 21 .323703
 17 22 .145091
 17 23 .203945
 17 24 .204920
 17 25 .257362
 17 26 .215603
 17 27 .221630
 17 28 .111867
 17 29 .164522
 17 30 .184035
 17 31 .361598
 17 32 .193682
 17 33 .141236
 17 34 .154722
 17 35 .224524
 17 36 .132511
 17 37 .250407
 17 38 .223783
 17 39 .165005
 17 40 .174536
 17 41 .258949
 17 42 .221119
 17 43 .206676
 17 44 .235529
 17 45 .137036
 17 46 .121165
 17 47 .133111
 17 48 .221544
 17 49 .181701
 17 50 .284704
 17 51 .335711
 17 52 .130703
 17 53 .193280
 17 54 .185400
 17 55 .380982
 17 56 .118547
 17 57 .181543
 17 58 .184578
 17 59 .235770
 17 60 .218922
 17 61 .218403
 17 62 .124768
 17 63 .238966
 17 64 .217328
 17 65 .165818
 17 66 .223387
 17 67 .158786
 17 68 .242108
 17 69 .189053
 17 70 .207621
 17 71 .031959
 17 72 .225721
 17 73 .227892
 17 74 .136423
 17 75 .158422
 17 76 .101534
 17 77 .294120
 17 78 .252092
 17 79 .247839
 17 80 .273682
 17 81 .218126
 17 82 .172987
 17 83 .208846
 17 84 .178073
 17 85 .144292
 17 86 .225859
 17 87 .188374
 17 88 .117868
 17 89 .115663
 18 18 1.000000
 18 19 .297759
 18 20 .151078
 18 21 .515924
 18 22 .210385
 18 23 .214104
 18 24 .252086
 18 25 .314873
 18 26 .361078
 18 27 .335151
 18 28 .186139
 18 29 .339075
 18 30 .395511
 18 31 .425109
 18 32 .225669
 18 33 .156119
 18 34 .300737
 18 35 .460558
 18 36 .241666
 18 37 .181433
 18 38 .314403
 18 39 .286328
 18 40 .103151
 18 41 .366280
 18 42 .165019
 18 43 .152470
 18 44 .365305
 18 45 .267993
 18 46 .249995
 18 47 .217589
 18 48 .341851
 18 49 .271138
 18 50 .393560
 18 51 .393450
 18 52 .260401
 18 53 .288832
 18 54 .225618
 18 55 .278565
 18 56 .221476
 18 57 .253228
 18 58 .286638
 18 59 .220756
 18 60 .252756
 18 61 .362190
 18 62 .294375
 18 63 .311338
 18 64 .344829
 18 65 .211128
 18 66 .322945
 18 67 .234893
 18 68 .366514
 18 69 .318533
 18 70 .266966
 18 71 .141748
 18 72 .323336
 18 73 .296584
 18 74 .184447
 18 75 .171431
 18 76 .244467
 18 77 .261766
 18 78 .305264
 18 79 .289315
 18 80 .314213
 18 81 .329380
 18 82 .339601
 18 83 .320140
 18 84 .465783
 18 85 .145434
 18 86 .336528
 18 87 .378614
 18 88 .299035
 18 89 .171443
 19 19 1.000000
 19 20 .174341
 19 21 .384716
 19 22 .325711
 19 23 .298109
 19 24 .247066
 19 25 .230412
 19 26 .338121
 19 27 .390007
 19 28 .248836
 19 29 .445166
 19 30 .290664
 19 31 .350467
 19 32 .267596
 19 33 .268266
 19 34 .258367
 19 35 .263680
 19 36 .260590
 19 37 .307784
 19 38 .430017
 19 39 .335574
 19 40 .148266
 19 41 .360266
 19 42 .276797
 19 43 .316709
 19 44 .548826
 19 45 .184856
 19 46 .251611
 19 47 .258089
 19 48 .262581
 19 49 .294785
 19 50 .332945
 19 51 .376103
 19 52 .268727
 19 53 .287358
 19 54 .163873
 19 55 .147298
 19 56 .218002
 19 57 .255424
 19 58 .381968
 19 59 .299413
 19 60 .230746
 19 61 .235832
 19 62 .285075
 19 63 .212361
 19 64 .310014
 19 65 .240627
 19 66 .301926
 19 67 .137484
 19 68 .425578
 19 69 .296208
 19 70 .392668
 19 71 .077492
 19 72 .270076
 19 73 .391909
 19 74 .194485
 19 75 .218859
 19 76 .172741
 19 77 .209109
 19 78 .266517
 19 79 .318892
 19 80 .426610
 19 81 .399916
 19 82 .160265
 19 83 .264309
 19 84 .261170
 19 85 .177900
 19 86 .312293
 19 87 .158414
 19 88 .195517
 19 89 .159028
 20 20 1.000000
 20 21 .203325
 20 22 .262284
 20 23 .263380
 20 24 .242090
 20 25 .328438
 20 26 .102276
 20 27 .266171
 20 28 .196419
 20 29 .167867
 20 30 .203317
 20 31 .261251
 20 32 .331507
 20 33 .104416
 20 34 .225265
 20 35 .218123
 20 36 .243708
 20 37 .115216
 20 38 .259640
 20 39 .095139
 20 40 .239852
 20 41 .210534
 20 42 .142108
 20 43 .279117
 20 44 .199253
 20 45 .261480
 20 46 .168441
 20 47 .253999
 20 48 .137320
 20 49 .229444
 20 50 .250484
 20 51 .236475
 20 52 .212387
 20 53 .323813
 20 54 .248010
 20 55 .219660
 20 56 .112797
 20 57 .223756
 20 58 .229610
 20 59 .080771
 20 60 .312960
 20 61 .157998
 20 62 .209668
 20 63 .219113
 20 64 .280385
 20 65 .167241
 20 66 .083624
 20 67 .144237
 20 68 .260862
 20 69 .091495
 20 70 .274981
 20 71 .093575
 20 72 .330927
 20 73 .260705
 20 74 .241177
 20 75 .306562
 20 76 .156660
 20 77 .278896
 20 78 .259488
 20 79 .233462
 20 80 .281886
 20 81 .292892
 20 82 .209088
 20 83 .116419
 20 84 .127045
 20 85 .187597
 20 86 .209566
 20 87 .277357
 20 88 .241248
 20 89 .204089
 21 21 1.000000
 21 22 .170485
 21 23 .346208
 21 24 .267566
 21 25 .253196
 21 26 .332852
 21 27 .403489
 21 28 .311723
 21 29 .314302
 21 30 .393467
 21 31 .479885
 21 32 .282860
 21 33 .193956
 21 34 .339532
 21 35 .509160
 21 36 .267092
 21 37 .257095
 21 38 .308072
 21 39 .327029
 21 40 .151266
 21 41 .383991
 21 42 .333414
 21 43 .363763
 21 44 .412204
 21 45 .298493
 21 46 .168914
 21 47 .281600
 21 48 .297353
 21 49 .275930
 21 50 .552183
 21 51 .465959
 21 52 .315033
 21 53 .264120
 21 54 .198880
 21 55 .217805
 21 56 .233525
 21 57 .356865
 21 58 .350517
 21 59 .163342
 21 60 .303219
 21 61 .287920
 21 62 .320504
 21 63 .304084
 21 64 .320556
 21 65 .189297
 21 66 .249236
 21 67 .264332
 21 68 .393403
 21 69 .248200
 21 70 .246302
 21 71 .165499
 21 72 .311311
 21 73 .379073
 21 74 .222257
 21 75 .220063
 21 76 .267609
 21 77 .272830
 21 78 .320416
 21 79 .296173
 21 80 .430205
 21 81 .354817
 21 82 .297849
 21 83 .329805
 21 84 .494677
 21 85 .232999
 21 86 .369163
 21 87 .341178
 21 88 .296841
 21 89 .328785
 22 22 1.000000
 22 23 .209281
 22 24 .148979
 22 25 .313585
 22 26 .285702
 22 27 .317034
 22 28 .146426
 22 29 .322848
 22 30 .123544
 22 31 .327442
 22 32 .322703
 22 33 .047408
 22 34 .178423
 22 35 .133530
 22 36 .251253
 22 37 .281042
 22 38 .337524
 22 39 .148402
 22 40 .141047
 22 41 .269513
 22 42 .307694
 22 43 .248239
 22 44 .264863
 22 45 .208433
 22 46 .155370
 22 47 .247587
 22 48 .201067
 22 49 .292528
 22 50 .197379
 22 51 .340139
 22 52 .226486
 22 53 .251167
 22 54 .216006
 22 55 .091535
 22 56 .163592
 22 57 .260340
 22 58 .266745
 22 59 .244225
 22 60 .307995
 22 61 .164837
 22 62 .271548
 22 63 .187483
 22 64 .282901
 22 65 .252480
 22 66 .161130
 22 67 .128687
 22 68 .271235
 22 69 .160680
 22 70 .308492
 22 71 .100876
 22 72 .185136
 22 73 .317180
 22 74 .151879
 22 75 .164593
 22 76 .226229
 22 77 .206514
 22 78 .181816
 22 79 .297109
 22 80 .324820
 22 81 .328373
 22 82 .164322
 22 83 .169905
 22 84 .187019
 22 85 .213270
 22 86 .137391
 22 87 .254430
 22 88 .173767
 22 89 .169080
 23 23 1.000000
 23 24 .255367
 23 25 .139303
 23 26 .256775
 23 27 .333159
 23 28 .244783
 23 29 .317937
 23 30 .238696
 23 31 .350358
 23 32 .221134
 23 33 .284437
 23 34 .302758
 23 35 .273756
 23 36 .204999
 23 37 .133751
 23 38 .366051
 23 39 .219017
 23 40 .111107
 23 41 .199617
 23 42 .169070
 23 43 .343568
 23 44 .289217
 23 45 .314574
 23 46 .248356
 23 47 .280068
 23 48 .183909
 23 49 .254684
 23 50 .301822
 23 51 .300692
 23 52 .253470
 23 53 .187710
 23 54 .201713
 23 55 .070457
 23 56 .122076
 23 57 .291611
 23 58 .289603
 23 59 .242817
 23 60 .255656
 23 61 .146619
 23 62 .222763
 23 63 .258814
 23 64 .239200
 23 65 .173742
 23 66 .209502
 23 67 .235818
 23 68 .331965
 23 69 .164913
 23 70 .312756
 23 71 .018861
 23 72 .160537
 23 73 .281382
 23 74 .118308
 23 75 .204267
 23 76 .114641
 23 77 .291189
 23 78 .355089
 23 79 .323058
 23 80 .343333
 23 81 .313655
 23 82 .235064
 23 83 .173402
 23 84 .215518
 23 85 .318549
 23 86 .294936
 23 87 .230663
 23 88 .273420
 23 89 .254331
 24 24 1.000000
 24 25 .218954
 24 26 .149358
 24 27 .303641
 24 28 .254369
 24 29 .249440
 24 30 .283090
 24 31 .163082
 24 32 .184213
 24 33 .113957
 24 34 .254232
 24 35 .255357
 24 36 .094367
 24 37 .153116
 24 38 .270833
 24 39 .314561
 24 40 .203909
 24 41 .161180
 24 42 .184592
 24 43 .172356
 24 44 .297913
 24 45 .226026
 24 46 .178243
 24 47 .130444
 24 48 .245168
 24 49 .233821
 24 50 .283700
 24 51 .239962
 24 52 .144886
 24 53 .240065
 24 54 .131356
 24 55 .103478
 24 56 .104131
 24 57 .208974
 24 58 .284269
 24 59 .211075
 24 60 .128119
 24 61 .220989
 24 62 .285838
 24 63 .134423
 24 64 .248018
 24 65 .250981
 24 66 .254959
 24 67 .192088
 24 68 .278600
 24 69 .206499
 24 70 .278836
 24 71 .121856
 24 72 .281697
 24 73 .370370
 24 74 .263289
 24 75 .177815
 24 76 .266455
 24 77 .323585
 24 78 .221422
 24 79 .247422
 24 80 .258334
 24 81 .252571
 24 82 .202687
 24 83 .211463
 24 84 .146966
 24 85 .201928
 24 86 .265986
 24 87 .189543
 24 88 .190113
 24 89 .212105
 25 25 1.000000
 25 26 .285531
 25 27 .293427
 25 28 .176187
 25 29 .202883
 25 30 .204958
 25 31 .382481
 25 32 .331622
 25 33 .167336
 25 34 .243572
 25 35 .317720
 25 36 .211599
 25 37 .110999
 25 38 .352986
 25 39 .218679
 25 40 .266516
 25 41 .331724
 25 42 .154557
 25 43 .308065
 25 44 .276798
 25 45 .255749
 25 46 .207343
 25 47 .247593
 25 48 .157531
 25 49 .342552
 25 50 .196417
 25 51 .322572
 25 52 .303186
 25 53 .337040
 25 54 .202951
 25 55 .142194
 25 56 .276000
 25 57 .244552
 25 58 .376113
 25 59 .332257
 25 60 .360720
 25 61 .196617
 25 62 .321728
 25 63 .228165
 25 64 .337342
 25 65 .211832
 25 66 .179762
 25 67 .231829
 25 68 .226889
 25 69 .164581
 25 70 .313014
 25 71 .172032
 25 72 .333063
 25 73 .276344
 25 74 .247817
 25 75 .334771
 25 76 .241755
 25 77 .264057
 25 78 .306180
 25 79 .248564
 25 80 .375451
 25 81 .391327
 25 82 .300138
 25 83 .195804
 25 84 .194134
 25 85 .256835
 25 86 .319506
 25 87 .434852
 25 88 .267510
 25 89 .197757
 26 26 1.000000
 26 27 .319804
 26 28 .329294
 26 29 .316283
 26 30 .215110
 26 31 .367828
 26 32 .247992
 26 33 .129521
 26 34 .247683
 26 35 .224031
 26 36 .418427
 26 37 .192144
 26 38 .288899
 26 39 .225307
 26 40 .236634
 26 41 .218381
 26 42 .135989
 26 43 .212860
 26 44 .361035
 26 45 .256529
 26 46 .269738
 26 47 .312794
 26 48 .248149
 26 49 .349940
 26 50 .281138
 26 51 .290620
 26 52 .322329
 26 53 .362446
 26 54 .241109
 26 55 .009610
 26 56 .210172
 26 57 .322280
 26 58 .352347
 26 59 .318327
 26 60 .412827
 26 61 .182603
 26 62 .263799
 26 63 .318553
 26 64 .355939
 26 65 .315664
 26 66 .243904
 26 67 .216678
 26 68 .368147
 26 69 .260935
 26 70 .267391
 26 71 .171528
 26 72 .277781
 26 73 .170623
 26 74 .187957
 26 75 .235501
 26 76 .175576
 26 77 .344339
 26 78 .251422
 26 79 .273812
 26 80 .320029
 26 81 .424517
 26 82 .296773
 26 83 .230956
 26 84 .275989
 26 85 .222721
 26 86 .305439
 26 87 .374062
 26 88 .264113
 26 89 .196689
 27 27 1.000000
 27 28 .213896
 27 29 .390573
 27 30 .229658
 27 31 .435607
 27 32 .324935
 27 33 .236122
 27 34 .370139
 27 35 .323942
 27 36 .287631
 27 37 .224269
 27 38 .515190
 27 39 .353459
 27 40 .253496
 27 41 .380735
 27 42 .282618
 27 43 .270120
 27 44 .478654
 27 45 .320478
 27 46 .214668
 27 47 .288257
 27 48 .334920
 27 49 .338359
 27 50 .392879
 27 51 .457698
 27 52 .346978
 27 53 .289840
 27 54 .324582
 27 55 .245230
 27 56 .246039
 27 57 .323259
 27 58 .349512
 27 59 .300836
 27 60 .309562
 27 61 .341733
 27 62 .348915
 27 63 .279073
 27 64 .277120
 27 65 .359749
 27 66 .240535
 27 67 .289414
 27 68 .691833
 27 69 .244662
 27 70 .456113
 27 71 .163388
 27 72 .285683
 27 73 .398256
 27 74 .312190
 27 75 .249426
 27 76 .305761
 27 77 .283886
 27 78 .336928
 27 79 .531975
 27 80 .553359
 27 81 .389236
 27 82 .224825
 27 83 .341998
 27 84 .285558
 27 85 .302314
 27 86 .397048
 27 87 .287962
 27 88 .328355
 27 89 .220508
 28 28 1.000000
 28 29 .205761
 28 30 .222856
 28 31 .146442
 28 32 .177251
 28 33 .126550
 28 34 .146205
 28 35 .221032
 28 36 .307290
 28 37 .147605
 28 38 .194276
 28 39 .156925
 28 40 .211441
 28 41 .156783
 28 42 .150065
 28 43 .212997
 28 44 .284774
 28 45 .278947
 28 46 .188598
 28 47 .361132
 28 48 .177464
 28 49 .246612
 28 50 .261578
 28 51 .161791
 28 52 .290632
 28 53 .145542
 28 54 .071370
 28 55 .040309
 28 56 .261549
 28 57 .254370
 28 58 .276046
 28 59 .136250
 28 60 .173932
 28 61 .056543
 28 62 .244335
 28 63 .188806
 28 64 .373421
 28 65 .199776
 28 66 .119502
 28 67 .167371
 28 68 .174956
 28 69 .107443
 28 70 .155871
 28 71 .250295
 28 72 .315981
 28 73 .210136
 28 74 .303739
 28 75 .201740
 28 76 .193829
 28 77 .249892
 28 78 .239454
 28 79 .182177
 28 80 .170302
 28 81 .287673
 28 82 .350283
 28 83 .165081
 28 84 .217609
 28 85 .265542
 28 86 .227736
 28 87 .302001
 28 88 .155877
 28 89 .259381
 29 29 1.000000
 29 30 .247088
 29 31 .290519
 29 32 .236783
 29 33 .158937
 29 34 .363353
 29 35 .233602
 29 36 .242049
 29 37 .303998
 29 38 .342348
 29 39 .262505
 29 40 .125585
 29 41 .305896
 29 42 .228962
 29 43 .222671
 29 44 .437291
 29 45 .297803
 29 46 .280627
 29 47 .247522
 29 48 .277320
 29 49 .309849
 29 50 .320515
 29 51 .349762
 29 52 .244854
 29 53 .223577
 29 54 .192298
 29 55 .173969
 29 56 .256587
 29 57 .247304
 29 58 .349978
 29 59 .288292
 29 60 .332378
 29 61 .310929
 29 62 .248044
 29 63 .231855
 29 64 .280041
 29 65 .287340
 29 66 .240516
 29 67 .190587
 29 68 .412854
 29 69 .178231
 29 70 .347960
 29 71 .203695
 29 72 .212164
 29 73 .380508
 29 74 .206610
 29 75 .211957
 29 76 .221488
 29 77 .266990
 29 78 .367366
 29 79 .306759
 29 80 .316150
 29 81 .340214
 29 82 .194196
 29 83 .250929
 29 84 .259047
 29 85 .207184
 29 86 .288064
 29 87 .212171
 29 88 .250681
 29 89 .215213
 30 30 1.000000
 30 31 .233219
 30 32 .175033
 30 33 .131008
 30 34 .231820
 30 35 .288438
 30 36 .197548
 30 37 .125834
 30 38 .228325
 30 39 .302750
 30 40 .124434
 30 41 .212267
 30 42 .156127
 30 43 .229749
 30 44 .235446
 30 45 .199775
 30 46 .197053
 30 47 .235667
 30 48 .205944
 30 49 .222069
 30 50 .350126
 30 51 .250371
 30 52 .176350
 30 53 .185209
 30 54 .100769
 30 55 .143822
 30 56 .179621
 30 57 .172704
 30 58 .244824
 30 59 .145101
 30 60 .176400
 30 61 .173769
 30 62 .175800
 30 63 .266012
 30 64 .291145
 30 65 .164589
 30 66 .196279
 30 67 .208858
 30 68 .171161
 30 69 .201054
 30 70 .249274
 30 71 .200686
 30 72 .238017
 30 73 .218349
 30 74 .154317
 30 75 .235999
 30 76 .193361
 30 77 .218680
 30 78 .184479
 30 79 .176369
 30 80 .201555
 30 81 .284528
 30 82 .239256
 30 83 .223842
 30 84 .237180
 30 85 .142046
 30 86 .228887
 30 87 .249686
 30 88 .171976
 30 89 .164009
 31 31 1.000000
 31 32 .362657
 31 33 .233192
 31 34 .258173
 31 35 .340259
 31 36 .261172
 31 37 .170990
 31 38 .349058
 31 39 .249445
 31 40 .171857
 31 41 .546651
 31 42 .229326
 31 43 .440987
 31 44 .368134
 31 45 .251511
 31 46 .269720
 31 47 .296764
 31 48 .264346
 31 49 .365313
 31 50 .333772
 31 51 .537753
 31 52 .309379
 31 53 .333657
 31 54 .291348
 31 55 .245108
 31 56 .150602
 31 57 .290114
 31 58 .352182
 31 59 .306843
 31 60 .252332
 31 61 .250797
 31 62 .220681
 31 63 .368359
 31 64 .232655
 31 65 .160069
 31 66 .257537
 31 67 .236323
 31 68 .398527
 31 69 .242781
 31 70 .274286
 31 71 .102302
 31 72 .296141
 31 73 .351907
 31 74 .212543
 31 75 .238209
 31 76 .146256
 31 77 .334721
 31 78 .380417
 31 79 .327547
 31 80 .405121
 31 81 .315197
 31 82 .260323
 31 83 .245886
 31 84 .311062
 31 85 .229597
 31 86 .285875
 31 87 .394328
 31 88 .296417
 31 89 .247506
 32 32 1.000000
 32 33 .283183
 32 34 .308449
 32 35 .274200
 32 36 .226695
 32 37 .175167
 32 38 .334685
 32 39 .235469
 32 40 .250467
 32 41 .360425
 32 42 .171209
 32 43 .362051
 32 44 .276579
 32 45 .245729
 32 46 .211573
 32 47 .286130
 32 48 .216130
 32 49 .229778
 32 50 .283286
 32 51 .366943
 32 52 .205041
 32 53 .307789
 32 54 .223489
 32 55 .083049
 32 56 .209999
 32 57 .232243
 32 58 .264497
 32 59 .146345
 32 60 .267093
 32 61 .164280
 32 62 .356277
 32 63 .314376
 32 64 .221226
 32 65 .245643
 32 66 .155195
 32 67 .201529
 32 68 .301789
 32 69 .163648
 32 70 .310716
 32 71 .096601
 32 72 .331307
 32 73 .257263
 32 74 .306259
 32 75 .452963
 32 76 .250815
 32 77 .310146
 32 78 .359012
 32 79 .259004
 32 80 .346531
 32 81 .290355
 32 82 .149407
 32 83 .193845
 32 84 .256450
 32 85 .282140
 32 86 .302782
 32 87 .327706
 32 88 .319395
 32 89 .174529
 33 33 1.000000
 33 34 .202963
 33 35 .224421
 33 36 .042697
 33 37 .012580
 33 38 .163270
 33 39 .154597
 33 40 .054302
 33 41 .193633
 33 42 .009069
 33 43 .274862
 33 44 .236142
 33 45 .195334
 33 46 .266904
 33 47 .176320
 33 48 .203833
 33 49 .122603
 33 50 .231242
 33 51 .254335
 33 52 .171238
 33 53 .165440
 33 54 .091289
 33 55 .057538
 33 56 .106200
 33 57 .206616
 33 58 .162679
 33 59 .139756
 33 60 .134117
 33 61 .144018
 33 62 .244952
 33 63 .173113
 33 64 .161815
 33 65 .223297
 33 66 .158121
 33 67 .027813
 33 68 .197344
 33 69 .155423
 33 70 .062795
 33 71 .061700
 33 72 .246946
 33 73 .188538
 33 74 .134823
 33 75 .321010
 33 76 .140463
 33 77 .270648
 33 78 .272115
 33 79 .057188
 33 80 .106994
 33 81 .236512
 33 82 .104454
 33 83 .171403
 33 84 .241887
 33 85 .099765
 33 86 .219336
 33 87 .197406
 33 88 .172874
 33 89 .028164
 34 34 1.000000
 34 35 .341844
 34 36 .270918
 34 37 .154124
 34 38 .292944
 34 39 .281290
 34 40 .159191
 34 41 .246727
 34 42 .252368
 34 43 .265352
 34 44 .306258
 34 45 .323161
 34 46 .235204
 34 47 .288319
 34 48 .258059
 34 49 .313652
 34 50 .285790
 34 51 .365015
 34 52 .225292
 34 53 .252438
 34 54 .292303
 34 55 .135752
 34 56 .219162
 34 57 .280909
 34 58 .328788
 34 59 .163424
 34 60 .289723
 34 61 .266359
 34 62 .300383
 34 63 .231982
 34 64 .287415
 34 65 .317019
 34 66 .271298
 34 67 .295735
 34 68 .358320
 34 69 .186077
 34 70 .222441
 34 71 .168037
 34 72 .225519
 34 73 .346614
 34 74 .192200
 34 75 .259212
 34 76 .261009
 34 77 .213189
 34 78 .302117
 34 79 .210036
 34 80 .348269
 34 81 .380505
 34 82 .182073
 34 83 .274511
 34 84 .205338
 34 85 .186512
 34 86 .322946
 34 87 .198124
 34 88 .186645
 34 89 .159240
 35 35 1.000000
 35 36 .226480
 35 37 .105578
 35 38 .286391
 35 39 .155282
 35 40 .202783
 35 41 .288038
 35 42 .217758
 35 43 .376411
 35 44 .384345
 35 45 .298252
 35 46 .122119
 35 47 .255664
 35 48 .264101
 35 49 .260179
 35 50 .487584
 35 51 .306530
 35 52 .358263
 35 53 .179643
 35 54 .190369
 35 55 .251804
 35 56 .246767
 35 57 .305052
 35 58 .357944
 35 59 .284477
 35 60 .294960
 35 61 .256288
 35 62 .262170
 35 63 .313386
 35 64 .329745
 35 65 .203440
 35 66 .142689
 35 67 .196378
 35 68 .263653
 35 69 .144014
 35 70 .216475
 35 71 .098412
 35 72 .257695
 35 73 .361143
 35 74 .194561
 35 75 .208677
 35 76 .166001
 35 77 .208553
 35 78 .349847
 35 79 .244343
 35 80 .345556
 35 81 .329939
 35 82 .370120
 35 83 .273510
 35 84 .480977
 35 85 .276248
 35 86 .271537
 35 87 .328460
 35 88 .234594
 35 89 .215968
 36 36 1.000000
 36 37 .176303
 36 38 .267982
 36 39 .057637
 36 40 .268489
 36 41 .251197
 36 42 .140300
 36 43 .255228
 36 44 .301121
 36 45 .226156
 36 46 .082199
 36 47 .238925
 36 48 .158360
 36 49 .313774
 36 50 .185773
 36 51 .292559
 36 52 .237109
 36 53 .295259
 36 54 .288809
 36 55 .110355
 36 56 .216564
 36 57 .286588
 36 58 .311279
 36 59 .264822
 36 60 .357169
 36 61 .145020
 36 62 .209428
 36 63 .225787
 36 64 .270356
 36 65 .124312
 36 66 .165909
 36 67 .173901
 36 68 .322758
 36 69 .146071
 36 70 .283675
 36 71 .149511
 36 72 .286908
 36 73 .141162
 36 74 .316347
 36 75 .180374
 36 76 .148683
 36 77 .092564
 36 78 .233661
 36 79 .193690
 36 80 .230273
 36 81 .404883
 36 82 .338194
 36 83 .159383
 36 84 .281698
 36 85 .211124
 36 86 .113824
 36 87 .326711
 36 88 .165253
 36 89 .228557
 37 37 1.000000
 37 38 .234577
 37 39 .179874
 37 40 .155443
 37 41 .117670
 37 42 .279002
 37 43 .097994
 37 44 .369407
 37 45 .137663
 37 46 .200065
 37 47 .141054
 37 48 .245302
 37 49 .287673
 37 50 .205573
 37 51 .206541
 37 52 .128666
 37 53 .184086
 37 54 .180979
 37 55 .181919
 37 56 .204117
 37 57 .171647
 37 58 .131252
 37 59 .173814
 37 60 .166580
 37 61 .240380
 37 62 .129482
 37 63 .111223
 37 64 .140654
 37 65 .133393
 37 66 .196488
 37 67 .101777
 37 68 .261534
 37 69 .176213
 37 70 .242237
 37 71 .070636
 37 72 .068139
 37 73 .269064
 37 74 .159007
 37 75 .120890
 37 76 .143608
 37 77 .229930
 37 78 .212793
 37 79 .228955
 37 80 .275559
 37 81 .201427
 37 82 .118160
 37 83 .262864
 37 84 .203935
 37 85 .158377
 37 86 .251187
 37 87 .066071
 37 88 .164331
 37 89 .095711
 38 38 1.000000
 38 39 .304226
 38 40 .223727
 38 41 .305371
 38 42 .263841
 38 43 .267576
 38 44 .543336
 38 45 .290617
 38 46 .234109
 38 47 .288191
 38 48 .256096
 38 49 .425446
 38 50 .276107
 38 51 .389122
 38 52 .311724
 38 53 .322873
 38 54 .315754
 38 55 .161176
 38 56 .400331
 38 57 .370732
 38 58 .355252
 38 59 .369750
 38 60 .251762
 38 61 .241032
 38 62 .339061
 38 63 .288045
 38 64 .285213
 38 65 .257008
 38 66 .169815
 38 67 .161307
 38 68 .553015
 38 69 .139860
 38 70 .647275
 38 71 .138034
 38 72 .260116
 38 73 .367810
 38 74 .246893
 38 75 .261464
 38 76 .299212
 38 77 .221879
 38 78 .274685
 38 79 .620673
 38 80 .662020
 38 81 .398279
 38 82 .272644
 38 83 .256438
 38 84 .313112
 38 85 .215718
 38 86 .330823
 38 87 .349194
 38 88 .245305
 38 89 .223573
 39 39 1.000000
 39 40 .066545
 39 41 .246246
 39 42 .186262
 39 43 .205624
 39 44 .301035
 39 45 .180202
 39 46 .175809
 39 47 .215227
 39 48 .455151
 39 49 .196094
 39 50 .270738
 39 51 .260862
 39 52 .158581
 39 53 .178807
 39 54 .126049
 39 55 .140631
 39 56 .142855
 39 57 .295487
 39 58 .253621
 39 59 .199535
 39 60 .171084
 39 61 .427272
 39 62 .232128
 39 63 .246054
 39 64 .176392
 39 65 .242544
 39 66 .507599
 39 67 .368045
 39 68 .287290
 39 69 .426225
 39 70 .259901
 39 71 .129652
 39 72 .135590
 39 73 .314881
 39 74 .103164
 39 75 .175069
 39 76 .180358
 39 77 .250656
 39 78 .270590
 39 79 .267188
 39 80 .335742
 39 81 .309278
 39 82 .126429
 39 83 .465477
 39 84 .146090
 39 85 .176933
 39 86 .332613
 39 87 .136233
 39 88 .220024
 39 89 .103577
 40 40 1.000000
 40 41 .125222
 40 42 .138703
 40 43 .169114
 40 44 .221906
 40 45 .206050
 40 46 .177319
 40 47 .157595
 40 48 .050110
 40 49 .213879
 40 50 .109358
 40 51 .222606
 40 52 .123527
 40 53 .245484
 40 54 .255620
 40 55 .101623
 40 56 .176110
 40 57 .179984
 40 58 .256643
 40 59 .165031
 40 60 .274573
 40 61 .091323
 40 62 .250604
 40 63 .247258
 40 64 .236466
 40 65 .154513
 40 66 .020445
 40 67 .197181
 40 68 .202693
 40 69 -.011846
 40 70 .239668
 40 71 .082248
 40 72 .205280
 40 73 .139610
 40 74 .560449
 40 75 .242055
 40 76 .358106
 40 77 .133943
 40 78 .143726
 40 79 .224633
 40 80 .281708
 40 81 .242922
 40 82 .301736
 40 83 .056634
 40 84 .155764
 40 85 .104198
 40 86 .157840
 40 87 .250899
 40 88 .234662
 40 89 .158131
 41 41 1.000000
 41 42 .199576
 41 43 .421787
 41 44 .329688
 41 45 .148311
 41 46 .151475
 41 47 .225018
 41 48 .266554
 41 49 .287265
 41 50 .271624
 41 51 .541324
 41 52 .268595
 41 53 .270041
 41 54 .186385
 41 55 .195350
 41 56 .132296
 41 57 .188026
 41 58 .343127
 41 59 .260900
 41 60 .257568
 41 61 .202538
 41 62 .187343
 41 63 .306379
 41 64 .183915
 41 65 .180450
 41 66 .264157
 41 67 .184392
 41 68 .335635
 41 69 .266964
 41 70 .243498
 41 71 .131110
 41 72 .220828
 41 73 .320258
 41 74 .210609
 41 75 .218769
 41 76 .168779
 41 77 .289532
 41 78 .270694
 41 79 .265880
 41 80 .298895
 41 81 .312215
 41 82 .147348
 41 83 .202824
 41 84 .222049
 41 85 .201844
 41 86 .301231
 41 87 .306094
 41 88 .191828
 41 89 .184324
 42 42 1.000000
 42 43 .217340
 42 44 .242548
 42 45 .180472
 42 46 .127052
 42 47 .179526
 42 48 .221781
 42 49 .336186
 42 50 .260197
 42 51 .363510
 42 52 .188588
 42 53 .231664
 42 54 .169006
 42 55 .236247
 42 56 .167243
 42 57 .287856
 42 58 .199652
 42 59 .185043
 42 60 .188099
 42 61 .212018
 42 62 .235693
 42 63 .186741
 42 64 .258256
 42 65 .211683
 42 66 .197450
 42 67 .210929
 42 68 .315023
 42 69 .196227
 42 70 .270444
 42 71 .084349
 42 72 .114530
 42 73 .585905
 42 74 .157105
 42 75 .128621
 42 76 .286476
 42 77 .108291
 42 78 .105942
 42 79 .245958
 42 80 .290467
 42 81 .232603
 42 82 .077484
 42 83 .243734
 42 84 .198251
 42 85 .173135
 42 86 .203167
 42 87 .173716
 42 88 .155070
 42 89 .195230
 43 43 1.000000
 43 44 .281270
 43 45 .272335
 43 46 .218716
 43 47 .343973
 43 48 .178076
 43 49 .304777
 43 50 .315930
 43 51 .422682
 43 52 .312535
 43 53 .230766
 43 54 .169332
 43 55 .111985
 43 56 .180475
 43 57 .317106
 43 58 .341953
 43 59 .235311
 43 60 .285346
 43 61 .165209
 43 62 .284939
 43 63 .473462
 43 64 .230885
 43 65 .198210
 43 66 .231480
 43 67 .224980
 43 68 .268759
 43 69 .205410
 43 70 .271517
 43 71 .048317
 43 72 .230553
 43 73 .342133
 43 74 .286991
 43 75 .325790
 43 76 .197674
 43 77 .310381
 43 78 .390025
 43 79 .287653
 43 80 .365083
 43 81 .403370
 43 82 .235440
 43 83 .169813
 43 84 .195589
 43 85 .368782
 43 86 .269604
 43 87 .265225
 43 88 .212477
 43 89 .224650
 44 44 1.000000
 44 45 .384458
 44 46 .231250
 44 47 .299927
 44 48 .279012
 44 49 .396098
 44 50 .429117
 44 51 .365789
 44 52 .317196
 44 53 .370025
 44 54 .274928
 44 55 .193174
 44 56 .360345
 44 57 .319114
 44 58 .413417
 44 59 .344102
 44 60 .233164
 44 61 .315911
 44 62 .321438
 44 63 .255642
 44 64 .259870
 44 65 .230644
 44 66 .312073
 44 67 .102331
 44 68 .486786
 44 69 .264907
 44 70 .410002
 44 71 .146211
 44 72 .269878
 44 73 .402027
 44 74 .260938
 44 75 .251755
 44 76 .244361
 44 77 .191737
 44 78 .351788
 44 79 .425780
 44 80 .481726
 44 81 .355872
 44 82 .299513
 44 83 .285286
 44 84 .352101
 44 85 .208523
 44 86 .332135
 44 87 .241805
 44 88 .308097
 44 89 .241012
 45 45 1.000000
 45 46 .205686
 45 47 .315986
 45 48 .100971
 45 49 .284487
 45 50 .271666
 45 51 .287075
 45 52 .255794
 45 53 .194406
 45 54 .280992
 45 55 .110927
 45 56 .307602
 45 57 .229750
 45 58 .299430
 45 59 .181961
 45 60 .236867
 45 61 .173446
 45 62 .339530
 45 63 .194937
 45 64 .295315
 45 65 .224774
 45 66 .136341
 45 67 .184157
 45 68 .347878
 45 69 .140925
 45 70 .229105
 45 71 .194100
 45 72 .356718
 45 73 .305487
 45 74 .149474
 45 75 .282223
 45 76 .276987
 45 77 .259527
 45 78 .288143
 45 79 .225799
 45 80 .229328
 45 81 .270419
 45 82 .335454
 45 83 .136419
 45 84 .194851
 45 85 .271061
 45 86 .260496
 45 87 .344093
 45 88 .310573
 45 89 .364584
 46 46 1.000000
 46 47 .220421
 46 48 .147029
 46 49 .210019
 46 50 .270870
 46 51 .228914
 46 52 .136325
 46 53 .274244
 46 54 .071038
 46 55 .171124
 46 56 .252561
 46 57 .219043
 46 58 .330298
 46 59 .215784
 46 60 .175396
 46 61 .116029
 46 62 .246262
 46 63 .243996
 46 64 .231814
 46 65 .223804
 46 66 .208118
 46 67 .111299
 46 68 .165049
 46 69 .170471
 46 70 .180029
 46 71 .057342
 46 72 .242640
 46 73 .142711
 46 74 .243410
 46 75 .205797
 46 76 .163666
 46 77 .333682
 46 78 .213146
 46 79 .202177
 46 80 .261014
 46 81 .254718
 46 82 .203116
 46 83 .187690
 46 84 .124122
 46 85 .222756
 46 86 .277246
 46 87 .151564
 46 88 .269198
 46 89 .089469
 47 47 1.000000
 47 48 .159227
 47 49 .285218
 47 50 .252184
 47 51 .335982
 47 52 .337775
 47 53 .389289
 47 54 .146761
 47 55 .123496
 47 56 .239796
 47 57 .291659
 47 58 .278407
 47 59 .290803
 47 60 .242125
 47 61 .103102
 47 62 .280909
 47 63 .265645
 47 64 .271155
 47 65 .219172
 47 66 .224245
 47 67 .089210
 47 68 .276442
 47 69 .233076
 47 70 .266673
 47 71 .158809
 47 72 .288714
 47 73 .264420
 47 74 .157464
 47 75 .305857
 47 76 .116115
 47 77 .256858
 47 78 .292828
 47 79 .241395
 47 80 .322671
 47 81 .356598
 47 82 .304012
 47 83 .174148
 47 84 .249668
 47 85 .340447
 47 86 .302194
 47 87 .343156
 47 88 .216255
 47 89 .272110
 48 48 1.000000
 48 49 .256169
 48 50 .334425
 48 51 .350830
 48 52 .217322
 48 53 .249271
 48 54 .185786
 48 55 .165182
 48 56 .181196
 48 57 .304679
 48 58 .211545
 48 59 .252345
 48 60 .180606
 48 61 .744312
 48 62 .140201
 48 63 .249014
 48 64 .134696
 48 65 .315716
 48 66 .479204
 48 67 .350154
 48 68 .287847
 48 69 .405359
 48 70 .235734
 48 71 .155517
 48 72 .155448
 48 73 .344605
 48 74 .136468
 48 75 .112313
 48 76 .072749
 48 77 .197630
 48 78 .187230
 48 79 .264848
 48 80 .323988
 48 81 .271642
 48 82 .049960
 48 83 .772459
 48 84 .216873
 48 85 .204045
 48 86 .313703
 48 87 .089113
 48 88 .197914
 48 89 -.035882
 49 49 1.000000
 49 50 .307595
 49 51 .312964
 49 52 .328829
 49 53 .351382
 49 54 .357889
 49 55 .220004
 49 56 .270569
 49 57 .230612
 49 58 .339449
 49 59 .307960
 49 60 .325489
 49 61 .247934
 49 62 .205013
 49 63 .279239
 49 64 .297935
 49 65 .224465
 49 66 .206718
 49 67 .197265
 49 68 .357097
 49 69 .157264
 49 70 .317940
 49 71 .174001
 49 72 .290031
 49 73 .423403
 49 74 .244500
 49 75 .182226
 49 76 .163307
 49 77 .212105
 49 78 .150291
 49 79 .322151
 49 80 .372273
 49 81 .340119
 49 82 .319003
 49 83 .219195
 49 84 .282340
 49 85 .343521
 49 86 .317371
 49 87 .309883
 49 88 .192129
 49 89 .248891
 50 50 1.000000
 50 51 .314784
 50 52 .365639
 50 53 .262573
 50 54 .178849
 50 55 .305488
 50 56 .231651
 50 57 .301858
 50 58 .303347
 50 59 .229149
 50 60 .244822
 50 61 .327115
 50 62 .223726
 50 63 .266054
 50 64 .265271
 50 65 .209694
 50 66 .239287
 50 67 .223004
 50 68 .344890
 50 69 .206998
 50 70 .268985
 50 71 .067094
 50 72 .207324
 50 73 .371016
 50 74 .130752
 50 75 .255977
 50 76 .194348
 50 77 .281629
 50 78 .287974
 50 79 .345935
 50 80 .342604
 50 81 .292935
 50 82 .230307
 50 83 .292538
 50 84 .457810
 50 85 .337137
 50 86 .420836
 50 87 .232437
 50 88 .258985
 50 89 .186988
 51 51 1.000000
 51 52 .268027
 51 53 .322167
 51 54 .225119
 51 55 .212723
 51 56 .300666
 51 57 .328307
 51 58 .305019
 51 59 .353486
 51 60 .303918
 51 61 .340223
 51 62 .317980
 51 63 .403167
 51 64 .276251
 51 65 .273232
 51 66 .275985
 51 67 .287312
 51 68 .431956
 51 69 .286877
 51 70 .255678
 51 71 .064901
 51 72 .336886
 51 73 .435298
 51 74 .240701
 51 75 .234809
 51 76 .255000
 51 77 .330418
 51 78 .349161
 51 79 .316832
 51 80 .326770
 51 81 .401300
 51 82 .240489
 51 83 .347109
 51 84 .330193
 51 85 .233804
 51 86 .353328
 51 87 .284395
 51 88 .258957
 51 89 .251620
 52 52 1.000000
 52 53 .278037
 52 54 .181802
 52 55 .165428
 52 56 .196543
 52 57 .239758
 52 58 .256923
 52 59 .314642
 52 60 .242990
 52 61 .150831
 52 62 .283600
 52 63 .260205
 52 64 .238881
 52 65 .265579
 52 66 .228057
 52 67 .061955
 52 68 .289314
 52 69 .230562
 52 70 .226568
 52 71 .177855
 52 72 .150001
 52 73 .311792
 52 74 .187555
 52 75 .266432
 52 76 .202941
 52 77 .229782
 52 78 .174834
 52 79 .269913
 52 80 .327463
 52 81 .291660
 52 82 .232254
 52 83 .164856
 52 84 .253254
 52 85 .246135
 52 86 .303211
 52 87 .267739
 52 88 .296993
 52 89 .224087
 53 53 1.000000
 53 54 .158421
 53 55 .169862
 53 56 .263665
 53 57 .291985
 53 58 .361389
 53 59 .345463
 53 60 .282980
 53 61 .184605
 53 62 .298729
 53 63 .228857
 53 64 .289498
 53 65 .240630
 53 66 .245298
 53 67 .171224
 53 68 .300961
 53 69 .244349
 53 70 .318147
 53 71 .186889
 53 72 .338433
 53 73 .284117
 53 74 .285464
 53 75 .297615
 53 76 .204426
 53 77 .281788
 53 78 .175936
 53 79 .271343
 53 80 .318101
 53 81 .332746
 53 82 .269233
 53 83 .260793
 53 84 .205869
 53 85 .216476
 53 86 .311488
 53 87 .241655
 53 88 .299931
 53 89 .119141
 54 54 1.000000
 54 55 .142669
 54 56 .162926
 54 57 .178877
 54 58 .235670
 54 59 .189612
 54 60 .256824
 54 61 .222807
 54 62 .162124
 54 63 .147305
 54 64 .278133
 54 65 .129785
 54 66 .119203
 54 67 .127573
 54 68 .340814
 54 69 .100863
 54 70 .165352
 54 71 .193222
 54 72 .178175
 54 73 .272782
 54 74 .201201
 54 75 .146269
 54 76 .159340
 54 77 .116419
 54 78 .234056
 54 79 .237503
 54 80 .263797
 54 81 .266517
 54 82 .281088
 54 83 .138769
 54 84 .137251
 54 85 .181007
 54 86 .182526
 54 87 .247997
 54 88 .200713
 54 89 .177331
 55 55 1.000000
 55 56 .001136
 55 57 .099686
 55 58 .131574
 55 59 .183457
 55 60 .173226
 55 61 .220529
 55 62 .067138
 55 63 .126208
 55 64 .036925
 55 65 .118368
 55 66 .146948
 55 67 .128269
 55 68 .241158
 55 69 .172766
 55 70 .201135
 55 71 .143433
 55 72 .163834
 55 73 .165051
 55 74 .136022
 55 75 .091360
 55 76 .113944
 55 77 .131521
 55 78 .139264
 55 79 .214823
 55 80 .180999
 55 81 .085368
 55 82 .092675
 55 83 .222205
 55 84 .267001
 55 85 .167805
 55 86 .184613
 55 87 .140645
 55 88 .192927
 55 89 .113281
 56 56 1.000000
 56 57 .258927
 56 58 .215228
 56 59 .184033
 56 60 .184661
 56 61 .157543
 56 62 .220401
 56 63 .189230
 56 64 .357561
 56 65 .118956
 56 66 .111562
 56 67 .202642
 56 68 .242127
 56 69 .105252
 56 70 .259255
 56 71 .193418
 56 72 .267534
 56 73 .212092
 56 74 .193692
 56 75 .235660
 56 76 .185235
 56 77 .218791
 56 78 .275228
 56 79 .171171
 56 80 .214707
 56 81 .289117
 56 82 .367892
 56 83 .181034
 56 84 .236945
 56 85 .123450
 56 86 .203056
 56 87 .305792
 56 88 .174468
 56 89 .323921
 57 57 1.000000
 57 58 .304230
 57 59 .188297
 57 60 .302888
 57 61 .269026
 57 62 .252621
 57 63 .250392
 57 64 .220904
 57 65 .274393
 57 66 .273622
 57 67 .221839
 57 68 .301502
 57 69 .247164
 57 70 .257971
 57 71 .160320
 57 72 .242301
 57 73 .324008
 57 74 .247623
 57 75 .252628
 57 76 .230221
 57 77 .239678
 57 78 .225922
 57 79 .286281
 57 80 .405810
 57 81 .348883
 57 82 .276728
 57 83 .320242
 57 84 .320459
 57 85 .259755
 57 86 .287528
 57 87 .240682
 57 88 .194094
 57 89 .194069
 58 58 1.000000
 58 59 .323740
 58 60 .326032
 58 61 .223173
 58 62 .280007
 58 63 .280509
 58 64 .384919
 58 65 .274185
 58 66 .279591
 58 67 .241178
 58 68 .262576
 58 69 .226096
 58 70 .253884
 58 71 .113119
 58 72 .354385
 58 73 .336961
 58 74 .294193
 58 75 .223628
 58 76 .302394
 58 77 .246913
 58 78 .247942
 58 79 .368221
 58 80 .397475
 58 81 .423848
 58 82 .336046
 58 83 .244808
 58 84 .204496
 58 85 .284817
 58 86 .352557
 58 87 .346206
 58 88 .167569
 58 89 .281578
 59 59 1.000000
 59 60 .304484
 59 61 .214068
 59 62 .244979
 59 63 .248966
 59 64 .176905
 59 65 .192448
 59 66 .189004
 59 67 .110627
 59 68 .240000
 59 69 .176524
 59 70 .289520
 59 71 .108023
 59 72 .287438
 59 73 .324385
 59 74 .180559
 59 75 .186657
 59 76 .127272
 59 77 .123597
 59 78 .208758
 59 79 .277358
 59 80 .265147
 59 81 .425568
 59 82 .213540
 59 83 .280646
 59 84 .164177
 59 85 .285056
 59 86 .260404
 59 87 .130441
 59 88 .186367
 59 89 .136152
 60 60 1.000000
 60 61 .201765
 60 62 .262147
 60 63 .246801
 60 64 .263971
 60 65 .280651
 60 66 .154220
 60 67 .239102
 60 68 .348648
 60 69 .148223
 60 70 .266994
 60 71 .168477
 60 72 .246666
 60 73 .253693
 60 74 .311329
 60 75 .306439
 60 76 .172501
 60 77 .288033
 60 78 .216137
 60 79 .290934
 60 80 .308683
 60 81 .436105
 60 82 .252523
 60 83 .230013
 60 84 .236098
 60 85 .255733
 60 86 .308590
 60 87 .295032
 60 88 .287361
 60 89 .158638
 61 61 1.000000
 61 62 .151532
 61 63 .207913
 61 64 .102301
 61 65 .294138
 61 66 .417854
 61 67 .258743
 61 68 .330939
 61 69 .325141
 61 70 .219431
 61 71 .084814
 61 72 .118953
 61 73 .351413
 61 74 .125551
 61 75 .109874
 61 76 .151194
 61 77 .156977
 61 78 .145355
 61 79 .279610
 61 80 .346628
 61 81 .277639
 61 82 .042255
 61 83 .788304
 61 84 .165559
 61 85 .171240
 61 86 .339605
 61 87 .094552
 61 88 .175280
 61 89 -.016738
 62 62 1.000000
 62 63 .223900
 62 64 .299314
 62 65 .366682
 62 66 .150773
 62 67 .122588
 62 68 .332435
 62 69 .141995
 62 70 .307445
 62 71 .127457
 62 72 .261051
 62 73 .370914
 62 74 .438366
 62 75 .401658
 62 76 .558786
 62 77 .285355
 62 78 .256889
 62 79 .293927
 62 80 .377239
 62 81 .360532
 62 82 .190447
 62 83 .157870
 62 84 .178598
 62 85 .119199
 62 86 .304769
 62 87 .260117
 62 88 .312886
 62 89 .234739
 63 63 1.000000
 63 64 .217263
 63 65 .244433
 63 66 .203710
 63 67 .231360
 63 68 .201289
 63 69 .172296
 63 70 .168117
 63 71 .064128
 63 72 .234628
 63 73 .280494
 63 74 .250278
 63 75 .262001
 63 76 .239994
 63 77 .290778
 63 78 .332463
 63 79 .212460
 63 80 .251360
 63 81 .323181
 63 82 .232874
 63 83 .252244
 63 84 .171238
 63 85 .259642
 63 86 .251055
 63 87 .220542
 63 88 .220629
 63 89 .080495
 64 64 1.000000
 64 65 .254538
 64 66 .089497
 64 67 .207426
 64 68 .314227
 64 69 .102908
 64 70 .244217
 64 71 .178640
 64 72 .374161
 64 73 .321729
 64 74 .199306
 64 75 .220033
 64 76 .292984
 64 77 .298778
 64 78 .289697
 64 79 .255304
 64 80 .283993
 64 81 .317828
 64 82 .473183
 64 83 .127941
 64 84 .237180
 64 85 .215518
 64 86 .240851
 64 87 .387922
 64 88 .257813
 64 89 .231663
 65 65 1.000000
 65 66 .317794
 65 67 .309912
 65 68 .286211
 65 69 .241218
 65 70 .230537
 65 71 .149117
 65 72 .153431
 65 73 .245749
 65 74 .266501
 65 75 .278981
 65 76 .283281
 65 77 .307933
 65 78 .109816
 65 79 .226293
 65 80 .317948
 65 81 .273782
 65 82 .001556
 65 83 .289554
 65 84 .243600
 65 85 .122351
 65 86 .290977
 65 87 .140219
 65 88 .277518
 65 89 .051144
 66 66 1.000000
 66 67 .345663
 66 68 .203905
 66 69 .753619
 66 70 .141088
 66 71 .006990
 66 72 .120974
 66 73 .273100
 66 74 .087699
 66 75 .057580
 66 76 .128294
 66 77 .179488
 66 78 .209447
 66 79 .215734
 66 80 .290293
 66 81 .312246
 66 82 .012705
 66 83 .453153
 66 84 .151776
 66 85 .200532
 66 86 .369086
 66 87 .131578
 66 88 .142243
 66 89 .080126
 67 67 1.000000
 67 68 .162688
 67 69 .285866
 67 70 .175705
 67 71 .032234
 67 72 .104359
 67 73 .231244
 67 74 .181886
 67 75 .120632
 67 76 .142048
 67 77 .230689
 67 78 .197464
 67 79 .222925
 67 80 .155897
 67 81 .190615
 67 82 .082117
 67 83 .315240
 67 84 .145180
 67 85 .133638
 67 86 .240116
 67 87 .182887
 67 88 .136471
 67 89 .102477
 68 68 1.000000
 68 69 .162859
 68 70 .463084
 68 71 .173255
 68 72 .323688
 68 73 .377387
 68 74 .227399
 68 75 .213634
 68 76 .253801
 68 77 .268904
 68 78 .316110
 68 79 .511005
 68 80 .541585
 68 81 .342563
 68 82 .252511
 68 83 .258918
 68 84 .314371
 68 85 .242441
 68 86 .287924
 68 87 .322504
 68 88 .309896
 68 89 .188873
 69 69 1.000000
 69 70 .133623
 69 71 .018078
 69 72 .063007
 69 73 .273333
 69 74 .076481
 69 75 .077812
 69 76 .126247
 69 77 .186537
 69 78 .218134
 69 79 .179372
 69 80 .256386
 69 81 .276392
 69 82 .041739
 69 83 .394063
 69 84 .160168
 69 85 .169965
 69 86 .252684
 69 87 .109809
 69 88 .132799
 69 89 .089070
 70 70 1.000000
 70 71 .169757
 70 72 .204687
 70 73 .271397
 70 74 .230595
 70 75 .297527
 70 76 .192803
 70 77 .227410
 70 78 .253408
 70 79 .587363
 70 80 .617641
 70 81 .365068
 70 82 .191845
 70 83 .221247
 70 84 .213518
 70 85 .238919
 70 86 .332785
 70 87 .280923
 70 88 .268129
 70 89 .211813
 71 71 1.000000
 71 72 .242566
 71 73 .141472
 71 74 .041143
 71 75 .139928
 71 76 .092096
 71 77 .095170
 71 78 .146337
 71 79 .081042
 71 80 .129684
 71 81 .059175
 71 82 .252869
 71 83 .137036
 71 84 .140702
 71 85 .132646
 71 86 .071215
 71 87 .190086
 71 88 .214945
 71 89 .220789
 72 72 1.000000
 72 73 .283105
 72 74 .254924
 72 75 .234032
 72 76 .160713
 72 77 .245054
 72 78 .272590
 72 79 .152517
 72 80 .192906
 72 81 .277624
 72 82 .355115
 72 83 .182764
 72 84 .223091
 72 85 .292455
 72 86 .212401
 72 87 .428124
 72 88 .252829
 72 89 .227297
 73 73 1.000000
 73 74 .220070
 73 75 .246417
 73 76 .301036
 73 77 .156106
 73 78 .273907
 73 79 .359636
 73 80 .389644
 73 81 .360085
 73 82 .189858
 73 83 .312533
 73 84 .209034
 73 85 .241705
 73 86 .297539
 73 87 .215699
 73 88 .259697
 73 89 .333238
 74 74 1.000000
 74 75 .289157
 74 76 .494002
 74 77 .211093
 74 78 .194652
 74 79 .276256
 74 80 .286437
 74 81 .321742
 74 82 .258751
 74 83 .162420
 74 84 .135059
 74 85 .153506
 74 86 .208025
 74 87 .271695
 74 88 .239629
 74 89 .179603
 75 75 1.000000
 75 76 .185400
 75 77 .277467
 75 78 .350016
 75 79 .198082
 75 80 .242522
 75 81 .346563
 75 82 .201938
 75 83 .096656
 75 84 .133315
 75 85 .109221
 75 86 .229385
 75 87 .274893
 75 88 .220863
 75 89 .179408
 76 76 1.000000
 76 77 .200758
 76 78 .169120
 76 79 .289824
 76 80 .247102
 76 81 .311744
 76 82 .227098
 76 83 .128146
 76 84 .143152
 76 85 .087618
 76 86 .186895
 76 87 .307888
 76 88 .258984
 76 89 .213918
 77 77 1.000000
 77 78 .305898
 77 79 .226656
 77 80 .234713
 77 81 .289357
 77 82 .203034
 77 83 .195205
 77 84 .140928
 77 85 .166838
 77 86 .328041
 77 87 .301677
 77 88 .254117
 77 89 .060233
 78 78 1.000000
 78 79 .231367
 78 80 .247238
 78 81 .362430
 78 82 .349195
 78 83 .167925
 78 84 .227588
 78 85 .267337
 78 86 .223614
 78 87 .329257
 78 88 .197379
 78 89 .239437
 79 79 1.000000
 79 80 .679110
 79 81 .298929
 79 82 .183771
 79 83 .267285
 79 84 .232319
 79 85 .273104
 79 86 .336436
 79 87 .211633
 79 88 .303333
 79 89 .196576
 80 80 1.000000
 80 81 .345157
 80 82 .183875
 80 83 .338537
 80 84 .305354
 80 85 .289694
 80 86 .429793
 80 87 .287843
 80 88 .283107
 80 89 .229744
 81 81 1.000000
 81 82 .260243
 81 83 .305156
 81 84 .223103
 81 85 .258098
 81 86 .400663
 81 87 .275592
 81 88 .179879
 81 89 .221686
 82 82 1.000000
 82 83 .074986
 82 84 .224277
 82 85 .306505
 82 86 .186648
 82 87 .492180
 82 88 .260090
 82 89 .358395
 83 83 1.000000
 83 84 .210031
 83 85 .217313
 83 86 .341948
 83 87 .093953
 83 88 .238635
 83 89 -.033843
 84 84 1.000000
 84 85 .253496
 84 86 .254772
 84 87 .288998
 84 88 .182280
 84 89 .229812
 85 85 1.000000
 85 86 .257783
 85 87 .265204
 85 88 .178073
 85 89 .300958
 86 86 1.000000
 86 87 .262209
 86 88 .214934
 86 89 .152574
 87 87 1.000000
 87 88 .292884
 87 89 .319569
 88 88 1.000000
 88 89 .175356
 89 89 1.000000

